county,state,fips,cases,deaths
Wright,Missouri,29229,1295,24
Worth,Missouri,29227,135,1
Washington,Missouri,29221,2032,41
Webster,Missouri,29225,2869,45
Wayne,Missouri,29223,771,9
Stoddard,Missouri,29207,2199,35
Shelby,Missouri,29205,338,5
Stone,Missouri,29209,1875,29
Shannon,Missouri,29203,452,10
Scott,Missouri,29201,3633,70
Warren,Missouri,29219,2393,20
Vernon,Missouri,29217,1312,31
Campbell,Wyoming,56005,4565,49
Sullivan,Missouri,29211,737,12
Carbon,Wyoming,56007,1149,17
Albany,Wyoming,56001,3727,11
Texas,Missouri,29215,1485,20
Taney,Missouri,29213,4314,68
Big Horn,Wyoming,56003,944,27
Converse,Wyoming,56009,895,14
Franklin,Kansas,20059,2188,19
Ford,Kansas,20057,5424,10
Floyd,Iowa,19067,1416,36
Finney,Kansas,20055,5833,45
Franklin,Iowa,19069,1036,18
Ellsworth,Kansas,20053,1151,4
Emmet,Iowa,19063,1113,32
Fayette,Iowa,19065,1660,24
Dubuque,Iowa,19061,11625,159
Montgomery,Virginia,51121,6044,59
Nelson,Virginia,51125,573,6
Ellis,Kansas,20051,3425,49
New Kent,Virginia,51127,967,7
Gray,Kansas,20069,570,7
Grant,Kansas,20067,938,15
Guthrie,Iowa,19077,1044,24
Graham,Kansas,20065,238,2
Hamilton,Iowa,19079,1623,30
Washoe,Nevada,32031,40549,583
Greene,Iowa,19073,697,7
Grundy,Iowa,19075,1226,28
Fremont,Iowa,19071,524,6
Northampton,Virginia,51131,595,33
Northumberland,Virginia,51133,548,13
Nottoway,Virginia,51135,1595,25
White Pine,Nevada,32033,442,5
Orange,Virginia,51137,1423,16
Gove,Kansas,20063,359,22
Page,Virginia,51139,1480,39
Geary,Kansas,20061,2592,21
Dallas,Iowa,19049,9089,72
Newport,Rhode Island,44005,3999,11
Crawford,Kansas,20037,4056,35
Providence,Rhode Island,44007,71172,1532
Cowley,Kansas,20035,3249,9
Bristol,Rhode Island,44001,3499,97
Clinton,Iowa,19045,4581,68
Comanche,Kansas,20033,153,9
Kent,Rhode Island,44003,12645,237
Crawford,Iowa,19047,2347,24
Coffey,Kansas,20031,605,12
Clay,Iowa,19041,1725,21
Clayton,Iowa,19043,1538,49
Washington,Rhode Island,44009,5887,132
Decatur,Kansas,20039,248,1
Pershing,Nevada,32027,863,16
Patrick,Virginia,51141,991,28
Nye,Nevada,32023,2488,65
Pittsylvania,Virginia,51143,3859,45
Mineral,Nevada,32021,235,4
Powhatan,Virginia,51145,1202,7
Prince Edward,Virginia,51147,1537,19
Prince George,Virginia,51149,2368,10
Storey,Nevada,32029,70,2
Elk,Kansas,20049,154,0
Dickinson,Iowa,19059,1888,29
Edwards,Kansas,20047,258,0
Douglas,Kansas,20045,7818,36
Delaware,Iowa,19055,1762,36
Doniphan,Kansas,20043,857,7
Des Moines,Iowa,19057,3951,43
Davis,Iowa,19051,703,21
Decatur,Iowa,19053,497,4
Lincoln,Nevada,32017,338,1
Prince William,Virginia,51153,33260,285
Lander,Nevada,32015,427,8
Pulaski,Virginia,51155,2081,39
Humboldt,Nevada,32013,937,12
Rappahannock,Virginia,51157,245,2
Eureka,Nevada,32011,44,0
Richmond,Virginia,51159,1201,6
Dickinson,Kansas,20041,1544,32
Lyon,Nevada,32019,2533,51
Carroll,Iowa,19027,2584,34
Butler,Kansas,20015,6584,43
Cass,Iowa,19029,1152,43
Brown,Kansas,20013,1159,29
Butler,Iowa,19023,1517,24
Bourbon,Kansas,20011,1184,3
Calhoun,Iowa,19025,1234,9
Buena Vista,Iowa,19021,3963,30
Chautauqua,Kansas,20019,225,3
Chase,Kansas,20017,258,3
Douglas,Nevada,32005,2343,28
Roanoke,Virginia,51161,6029,75
Clark,Nevada,32003,208147,3066
Rockbridge,Virginia,51163,991,23
Churchill,Nevada,32001,1732,46
Rockingham,Virginia,51165,5289,68
Russell,Virginia,51167,1885,21
Scott,Virginia,51169,1459,41
Esmeralda,Nevada,32009,36,0
Elko,Nevada,32007,4208,41
Clay,Kansas,20027,760,22
Chickasaw,Iowa,19037,1137,12
Clark,Kansas,20025,224,4
Clarke,Iowa,19039,812,9
Cheyenne,Kansas,20023,333,10
Cerro Gordo,Iowa,19033,4735,72
Cherokee,Kansas,20021,2103,16
Cherokee,Iowa,19035,1401,27
Cedar,Iowa,19031,1556,19
Shenandoah,Virginia,51171,3152,89
Cloud,Kansas,20029,939,2
Smyth,Virginia,51173,2325,69
Southampton,Virginia,51175,1638,46
Spotsylvania,Virginia,51177,6600,78
Stafford,Virginia,51179,7210,42
Allamakee,Iowa,19005,1309,30
Appanoose,Iowa,19007,1126,40
Adair,Iowa,19001,696,20
Adams,Iowa,19003,300,3
Surry,Virginia,51181,307,5
Sussex,Virginia,51183,891,15
Tazewell,Virginia,51185,2909,29
Warren,Virginia,51187,1825,36
Audubon,Iowa,19009,422,8
Atchison,Kansas,20005,1402,10
Boone,Iowa,19015,2229,17
Anderson,Kansas,20003,739,0
Bremer,Iowa,19017,2501,48
Allen,Kansas,20001,884,1
Benton,Iowa,19011,2136,50
Black Hawk,Iowa,19013,14090,243
Washington,Virginia,51191,3905,71
Barton,Kansas,20009,2466,21
Westmoreland,Virginia,51193,944,14
Barber,Kansas,20007,350,2
Wise,Virginia,51195,2579,82
Wythe,Virginia,51197,1713,33
York,Virginia,51199,2287,16
Buchanan,Iowa,19019,1622,24
Navarro,Texas,48349,5081,82
Carter,Tennessee,47019,5199,119
Carroll,Tennessee,47017,3182,61
Nacogdoches,Texas,48347,3608,119
Cannon,Tennessee,47015,1616,20
Motley,Texas,48345,80,7
Mora,New Mexico,35033,143,5
McKinley,New Mexico,35031,11237,404
Rio Arriba,New Mexico,35039,3090,53
Haines Borough,Alaska,02100,21,0
Quay,New Mexico,35037,395,8
Otero,New Mexico,35035,3847,47
Campbell,Tennessee,47013,3384,41
Morris,Texas,48343,701,17
Bradley,Tennessee,47011,11210,98
Moore,Texas,48341,2133,60
Blount,Tennessee,47009,12366,134
Montgomery,Texas,48339,35480,351
Bledsoe,Tennessee,47007,1781,11
Benton,Tennessee,47005,1340,35
Montague,Texas,48337,1797,51
Bedford,Tennessee,47003,5449,91
Mitchell,Texas,48335,551,21
Hidalgo,New Mexico,35023,308,9
Harding,New Mexico,35021,8,0
Luna,New Mexico,35029,2834,54
Los Alamos,New Mexico,35028,424,2
Lincoln,New Mexico,35027,1377,14
Lea,New Mexico,35025,7976,113
Anderson,Tennessee,47001,7013,114
Mills,Texas,48333,379,16
Milam,Texas,48331,1887,24
Midland,Texas,48329,13848,209
Menard,Texas,48327,186,5
Medina,Texas,48325,3464,70
Maverick,Texas,48323,8593,230
Sagadahoc,Maine,23023,695,1
De Baca,New Mexico,35011,122,0
Somerset,Maine,23025,1034,25
Waldo,Maine,23027,464,18
Washington,Maine,23029,556,8
Guadalupe,New Mexico,35019,573,8
Grant,New Mexico,35017,1238,25
Kenai Peninsula Borough,Alaska,02122,3853,18
Eddy,New Mexico,35015,5775,96
Piscataquis,Maine,23021,181,1
Doña Ana,New Mexico,35013,20752,340
Matagorda,Texas,48321,2677,73
Mason,Texas,48319,352,4
Martin,Texas,48317,574,18
Marion,Texas,48315,425,21
Madison,Texas,48313,1183,21
Bernalillo,New Mexico,35001,47727,741
Curry,New Mexico,35009,4663,57
Colfax,New Mexico,35007,800,37
Cibola,New Mexico,35006,3152,94
Chaves,New Mexico,35005,8273,123
York,Maine,23031,7892,96
Juneau City and Borough,Alaska,02110,1108,3
Catron,New Mexico,35003,70,3
McMullen,Texas,48311,72,3
Hancock,Maine,23009,719,28
McCulloch,Texas,48307,475,14
Lynn,Texas,48305,589,18
Lubbock,Texas,48303,46241,671
Loving,Texas,48301,1,0
Androscoggin,Maine,23001,4009,52
Aroostook,Maine,23003,1083,34
Cumberland,Maine,23005,10563,140
Franklin,Maine,23007,666,7
McLennan,Texas,48309,22657,363
Knox,Maine,23013,543,4
Lincoln,Maine,23015,437,2
Oxford,Maine,23017,1755,34
Penobscot,Maine,23019,3146,56
Kennebec,Maine,23011,2854,38
King William,Virginia,51101,658,5
District of Columbia,District of Columbia,11001,35301,872
Lancaster,Virginia,51103,510,3
Lee,Virginia,51105,2046,33
Loudoun,Virginia,51107,18381,171
Louisa,Virginia,51109,1378,11
Lunenburg,Virginia,51111,547,3
Madison,Virginia,51113,433,6
Mathews,Virginia,51115,407,6
Mecklenburg,Virginia,51117,1660,44
Middlesex,Virginia,51119,381,15
Winnebago,Illinois,17201,26766,415
Woodford,Illinois,17203,3344,70
Van Buren,Michigan,26159,4623,92
Sanilac,Michigan,26151,1806,71
Knox,Tennessee,47093,41520,443
Schoolcraft,Michigan,26153,249,5
Johnson,Tennessee,47091,2052,34
Shiawassee,Michigan,26155,3461,68
Northwest Arctic Borough,Alaska,02188,559,0
Tuscola,Michigan,26157,2993,124
North Slope Borough,Alaska,02185,969,3
Lawrence,Tennessee,47099,5233,69
Nome Census Area,Alaska,02180,305,0
Lauderdale,Tennessee,47097,2992,34
Lake,Tennessee,47095,1584,21
Hickman,Tennessee,47081,2297,35
Washtenaw,Michigan,26161,16402,231
Wayne,Michigan,26163,94716,3930
Matanuska-Susitna Borough,Alaska,02170,7327,27
Wexford,Michigan,26165,1234,19
Jefferson,Tennessee,47089,4960,78
Jackson,Tennessee,47087,1061,23
Humphreys,Tennessee,47085,1373,17
Houston,Tennessee,47083,951,25
Otsego,Michigan,26137,1251,25
Ottawa,Michigan,26139,20776,324
Hardin,Tennessee,47071,3063,50
Ontonagon,Michigan,26131,343,18
Osceola,Michigan,26133,969,21
Oscoda,Michigan,26135,351,19
Henry,Tennessee,47079,2691,59
Henderson,Tennessee,47077,3382,59
Haywood,Tennessee,47075,2455,48
Hawkins,Tennessee,47073,4606,72
Hardeman,Tennessee,47069,3156,54
St. Clair,Michigan,26147,8095,224
St. Joseph,Michigan,26149,4271,73
Petersburg Borough,Alaska,02195,43,0
Refugio,Texas,48391,558,17
Presque Isle,Michigan,26141,605,23
Roscommon,Michigan,26143,1069,30
Prince of Wales-Hyder Census Area,Alaska,02198,69,1
Saginaw,Michigan,26145,14911,468
Runnels,Texas,48399,1146,29
Hancock,Tennessee,47067,419,7
Hamilton,Tennessee,47065,36978,338
Rockwall,Texas,48397,8789,86
Hamblen,Tennessee,47063,7244,118
Robertson,Texas,48395,1087,26
Grundy,Tennessee,47061,1430,22
Roberts,Texas,48393,53,1
Ward,North Dakota,38101,8841,185
Greene,Tennessee,47059,6766,116
Wells,North Dakota,38103,412,8
Reeves,Texas,48389,1577,36
Monroe,Michigan,26115,8909,176
Montcalm,Michigan,26117,5417,86
Montmorency,Michigan,26119,344,16
Midland,Michigan,26111,4608,55
Missaukee,Michigan,26113,649,15
Williams,North Dakota,38105,4220,35
Grainger,Tennessee,47057,2169,39
Red River,Texas,48387,572,31
Giles,Tennessee,47055,3333,76
Real,Texas,48385,276,12
Gibson,Tennessee,47053,5761,116
Reagan,Texas,48383,362,8
Franklin,Tennessee,47051,4249,65
Randall,Texas,48381,15439,231
Fentress,Tennessee,47049,2177,35
Fayette,Tennessee,47047,4146,52
Rains,Texas,48379,655,20
Oakland,Michigan,26125,68958,1866
Oceana,Michigan,26127,1777,45
Ogemaw,Michigan,26129,1031,31
Valencia,New Mexico,35061,5955,79
Muskegon,Michigan,26121,12251,301
Ketchikan Gateway Borough,Alaska,02130,269,1
Newaygo,Michigan,26123,2561,41
Dyer,Tennessee,47045,4869,86
Presidio,Texas,48377,615,22
Dickson,Tennessee,47043,5584,82
Potter,Texas,48375,16188,352
DeKalb,Tennessee,47041,2473,42
Polk,Texas,48373,2548,75
Pecos,Texas,48371,1332,28
Decatur,Tennessee,47039,1489,27
Parmer,Texas,48369,1131,33
Davidson,Tennessee,47037,81561,693
Parker,Texas,48367,12248,126
Taos,New Mexico,35055,1412,44
Socorro,New Mexico,35053,1086,46
Sierra,New Mexico,35051,660,43
Union,New Mexico,35059,375,8
Torrance,New Mexico,35057,621,8
Cumberland,Tennessee,47035,5556,76
Panola,Texas,48365,1268,50
Palo Pinto,Texas,48363,2441,52
Crockett,Tennessee,47033,1834,38
Orange,Texas,48361,6211,87
Coffee,Tennessee,47031,5781,82
Cocke,Tennessee,47029,3565,61
Oldham,Texas,48359,175,2
Clay,Tennessee,47027,965,26
Claiborne,Tennessee,47025,2288,33
Ochiltree,Texas,48357,985,20
San Juan,New Mexico,35045,12605,359
Marquette,Michigan,26103,4696,54
Kusilvak Census Area,Alaska,02158,1082,3
Sandoval,New Mexico,35043,9831,168
Mason,Michigan,26105,1144,24
Roosevelt,New Mexico,35041,1735,42
Mecosta,Michigan,26107,1822,17
Menominee,Michigan,26109,1828,36
Kodiak Island Borough,Alaska,02150,1018,5
Santa Fe,New Mexico,35049,9059,110
San Miguel,New Mexico,35047,1082,7
Manistee,Michigan,26101,953,20
Chester,Tennessee,47023,1785,39
Nueces,Texas,48355,34068,631
Cheatham,Tennessee,47021,3495,31
Nolan,Texas,48353,1435,39
Newton,Texas,48351,490,20
Josephine,Oregon,41033,1845,36
Power,Idaho,16077,591,6
Johnson,Iowa,19103,12300,52
Payette,Idaho,16075,2292,27
Jefferson,Oregon,41031,1738,25
Jones,Iowa,19105,2749,50
Lake,Oregon,41037,253,5
Klamath,Oregon,41035,2550,46
Shoshone,Idaho,16079,944,30
Jefferson,Iowa,19101,1221,25
Lane,Oregon,41039,8767,113
Owyhee,Idaho,16073,965,23
Oneida,Idaho,16071,297,3
Issaquena,Mississippi,28055,160,6
Garfield,Washington,53023,102,4
Humphreys,Mississippi,28053,847,24
Franklin,Washington,53021,9927,88
Jackson,Mississippi,28059,10917,190
Grays Harbor,Washington,53027,2837,31
Itawamba,Mississippi,28057,2693,63
Grant,Washington,53025,7991,90
Island,Washington,53029,1140,22
Holmes,Mississippi,28051,1720,68
Keokuk,Iowa,19107,863,26
Kossuth,Iowa,19109,1806,44
Louisa,Iowa,19115,1162,30
Leavenworth,Kansas,20103,5968,43
Washington,Idaho,16087,1135,19
Gilliam,Oregon,41021,53,1
Lucas,Iowa,19117,667,10
Valley,Idaho,16085,683,4
Lane,Kansas,20101,138,5
Lee,Iowa,19111,3246,32
Harney,Oregon,41025,181,6
Linn,Iowa,19113,18065,279
Grant,Oregon,41023,217,1
Jackson,Oregon,41029,7169,96
Hood River,Oregon,41027,985,21
Logan,Kansas,20109,286,0
Twin Falls,Idaho,16083,8652,120
Linn,Kansas,20107,676,7
Teton,Idaho,16081,935,4
Lincoln,Kansas,20105,244,4
King,Washington,53033,75435,1205
Jones,Mississippi,28067,6731,118
Jefferson,Washington,53031,281,2
Jefferson Davis,Mississippi,28065,884,30
Kittitas,Washington,53037,2002,30
Kitsap,Washington,53035,4924,60
Kemper,Mississippi,28069,809,20
Klickitat,Washington,53039,586,4
Lyon,Iowa,19119,1375,33
Jefferson,Mississippi,28063,568,21
Jasper,Mississippi,28061,1811,38
Kootenai,Idaho,16055,15250,151
Coos,Oregon,41011,1009,15
Jerome,Idaho,16053,2401,18
Curry,Oregon,41015,325,5
Lemhi,Idaho,16059,474,9
Latah,Idaho,16057,2433,6
Crook,Oregon,41013,661,13
Douglas,Oregon,41019,1774,45
Deschutes,Oregon,41017,5194,40
George,Mississippi,28039,2047,39
Jefferson,Idaho,16051,2234,18
Lewis,Washington,53041,3126,36
DeSoto,Mississippi,28033,17741,191
Mason,Washington,53045,2040,18
Covington,Mississippi,28031,2210,73
Lincoln,Washington,53043,300,4
Franklin,Mississippi,28037,706,17
Pacific,Washington,53049,638,8
Forrest,Mississippi,28035,6208,124
Okanogan,Washington,53047,1980,33
Madison,Idaho,16065,5760,21
Lincoln,Idaho,16063,465,10
Benton,Oregon,41003,1820,14
Nez Perce,Idaho,16069,3246,46
Minidoka,Idaho,16067,2206,26
Baker,Oregon,41001,582,5
Clatsop,Oregon,41007,707,5
Clackamas,Oregon,41005,12039,145
Pend Oreille,Washington,53051,544,4
Lewis,Idaho,16061,362,6
Columbia,Oregon,41009,1076,18
San Juan,Washington,53055,92,0
Hancock,Mississippi,28045,2942,62
Pierce,Washington,53053,33731,442
Grenada,Mississippi,28043,2239,72
Skamania,Washington,53059,236,1
Hinds,Mississippi,28049,16891,332
Skagit,Washington,53057,3945,47
Harrison,Mississippi,28047,14279,204
Greene,Mississippi,28041,1137,29
Clark,Idaho,16033,53,0
Cassia,Idaho,16031,2733,22
Custer,Idaho,16037,226,3
Clearwater,Idaho,16035,938,10
Choctaw,Mississippi,28019,637,13
Chickasaw,Mississippi,28017,1893,44
Spokane,Washington,53063,32910,472
Snohomish,Washington,53061,27650,469
Bolivar,Mississippi,28011,4126,109
Thurston,Washington,53067,6141,65
Stevens,Washington,53065,1396,19
Carroll,Mississippi,28015,1068,22
Calhoun,Mississippi,28013,1413,22
Wahkiakum,Washington,53069,65,0
Elmore,Idaho,16039,1500,10
Fremont,Idaho,16043,938,14
Franklin,Idaho,16041,1015,12
Gooding,Idaho,16047,1226,21
Gem,Idaho,16045,1603,27
Copiah,Mississippi,28029,2497,49
Whatcom,Washington,53073,5203,59
Walla Walla,Washington,53071,4298,48
Yakima,Washington,53077,24886,360
Clarke,Mississippi,28023,1481,62
Whitman,Washington,53075,3096,38
Claiborne,Mississippi,28021,888,25
Coahoma,Mississippi,28027,2497,55
Clay,Mississippi,28025,1668,37
Idaho,Idaho,16049,1154,16
Bingham,Idaho,16011,3991,57
Boise,Idaho,16015,291,2
Blaine,Idaho,16013,1866,14
Bonneville,Idaho,16019,11311,132
Bonner,Idaho,16017,2548,25
Boundary,Idaho,16021,710,10
Camas,Idaho,16025,64,0
Butte,Idaho,16023,183,1
Benton,Mississippi,28009,858,23
Attala,Mississippi,28007,1970,64
Adams,Mississippi,28001,2151,71
Amite,Mississippi,28005,1021,26
Alcorn,Mississippi,28003,2731,54
Caribou,Idaho,16029,603,11
Canyon,Idaho,16027,23326,250
Zapata,Texas,48505,1442,22
Sheridan,Kansas,20179,419,0
Young,Texas,48503,1831,34
Shawnee,Kansas,20177,14630,267
Webster,Iowa,19187,4724,77
Yoakum,Texas,48501,843,25
Seward,Kansas,20175,3731,28
Winnebago,Iowa,19189,1222,29
Washington,Iowa,19183,2229,33
Wayne,Iowa,19185,420,21
Warren,Iowa,19181,4593,39
Zavala,Texas,48507,1391,28
Sedgwick,Kansas,20173,48224,352
Scott,Kansas,20171,572,16
Stevens,Kansas,20189,556,6
Stanton,Kansas,20187,170,2
Stafford,Kansas,20185,324,9
Worth,Iowa,19195,619,4
Wright,Iowa,19197,1671,24
Winneshiek,Iowa,19191,1608,20
Woodbury,Iowa,19193,13129,181
Smith,Kansas,20183,245,2
Sherman,Kansas,20181,571,7
Rice,Kansas,20159,962,1
Story,Iowa,19169,8810,38
Republic,Kansas,20157,656,13
Reno,Kansas,20155,7842,111
Shelby,Iowa,19165,1055,27
Rawlins,Kansas,20153,336,7
Sioux,Iowa,19167,4597,57
Sac,Iowa,19161,1122,15
Baltimore city,Maryland,24510,36907,793
Scott,Iowa,19163,15872,172
Pratt,Kansas,20151,774,22
Saline,Kansas,20169,5367,86
Russell,Kansas,20167,795,22
Van Buren,Iowa,19177,502,15
Rush,Kansas,20165,409,0
Wapello,Iowa,19179,3507,98
Rooks,Kansas,20163,601,9
Taylor,Iowa,19173,599,9
Union,Iowa,19175,1116,23
Tama,Iowa,19171,1902,59
Riley,Kansas,20161,5799,28
Norton,Kansas,20137,1198,27
Palo Alto,Iowa,19147,924,11
Ness,Kansas,20135,335,15
Plymouth,Iowa,19149,3532,70
Neosho,Kansas,20133,1553,17
Osceola,Iowa,19143,647,11
Nemaha,Kansas,20131,1412,50
Page,Iowa,19145,1471,15
O'Brien,Iowa,19141,1710,54
Osage,Kansas,20139,1037,10
Neshoba,Mississippi,28099,3490,154
Montgomery,Mississippi,28097,1120,36
Marion,Mississippi,28091,2242,73
Monroe,Mississippi,28095,3686,110
Yamhill,Oregon,41071,3299,48
Marshall,Mississippi,28093,3571,70
Ringgold,Iowa,19159,451,11
Wasco,Oregon,41065,1119,23
Phillips,Kansas,20147,641,18
Wallowa,Oregon,41063,99,3
Pawnee,Kansas,20145,1094,8
Pottawattamie,Iowa,19155,9166,115
Ottawa,Kansas,20143,508,0
Wheeler,Oregon,41069,20,1
Poweshiek,Iowa,19157,1352,24
Washington,Oregon,41067,19279,179
Osborne,Kansas,20141,264,0
Pocahontas,Iowa,19151,782,11
Polk,Iowa,19153,46841,465
Pottawatomie,Kansas,20149,1418,9
Union,Oregon,41061,1151,17
Marion,Kansas,20115,908,5
Sherman,Oregon,41055,47,0
Marion,Iowa,19125,3093,53
Polk,Oregon,41053,2581,40
McPherson,Kansas,20113,2889,50
Marshall,Iowa,19127,4311,62
Umatilla,Oregon,41059,6992,73
Lyon,Kansas,20111,3783,68
Madison,Iowa,19121,1239,10
Tillamook,Oregon,41057,370,2
Mahaska,Iowa,19123,1979,37
Meade,Kansas,20119,463,4
Marshall,Kansas,20117,972,22
Lawrence,Mississippi,28077,1068,17
Adams,Washington,53001,1736,19
Lauderdale,Mississippi,28075,6121,192
Benton,Washington,53005,13887,186
Leake,Mississippi,28079,2381,67
Asotin,Washington,53003,1210,26
Clallam,Washington,53009,865,5
Chelan,Washington,53007,5753,46
Multnomah,Oregon,41051,29114,465
Lamar,Mississippi,28073,5058,65
Mills,Iowa,19129,1385,17
Lafayette,Mississippi,28071,5205,98
Montgomery,Iowa,19137,891,24
Linn,Oregon,41043,3212,49
Montgomery,Kansas,20125,2895,6
Muscatine,Iowa,19139,3961,78
Mitchell,Kansas,20123,533,0
Lincoln,Oregon,41041,1033,17
Monona,Iowa,19133,685,18
Marion,Oregon,41047,16740,248
Miami,Kansas,20121,2384,25
Monroe,Iowa,19135,822,20
Malheur,Oregon,41045,3201,55
Mitchell,Iowa,19131,1168,37
Morrow,Oregon,41049,966,10
Morton,Kansas,20129,221,9
Morris,Kansas,20127,502,16
Clark,Washington,53011,16786,177
Madison,Mississippi,28089,8599,169
Lowndes,Mississippi,28087,5544,120
Cowlitz,Washington,53015,3459,38
Columbia,Washington,53013,93,4
Ferry,Washington,53019,197,4
Lee,Mississippi,28081,9071,145
Douglas,Washington,53017,3035,18
Lincoln,Mississippi,28085,3067,88
Leflore,Mississippi,28083,3118,109
Polk,Tennessee,47139,1500,17
Victoria,Texas,48469,6984,139
Pickett,Tennessee,47137,692,20
Van Zandt,Texas,48467,3304,82
Perry,Tennessee,47135,962,25
Sitka City and Borough,Alaska,02220,292,0
Overton,Tennessee,47133,2601,46
Val Verde,Texas,48465,6946,169
Uvalde,Texas,48463,2946,49
Obion,Tennessee,47131,4064,83
Upton,Texas,48461,297,7
Upshur,Texas,48459,2705,43
Morgan,Tennessee,47129,1973,16
Tyler,Texas,48457,1033,24
Moore,Tennessee,47127,829,9
Montgomery,Tennessee,47125,15154,149
Trinity,Texas,48455,536,17
Travis,Texas,48453,64963,681
Monroe,Tennessee,47123,4716,63
Tom Green,Texas,48451,15307,214
Meigs,Tennessee,47121,1191,16
Maury,Tennessee,47119,11295,131
Marshall,Tennessee,47117,3579,39
Titus,Texas,48449,3209,63
Marion,Tennessee,47115,2360,33
Throckmorton,Texas,48447,64,3
Madison,Tennessee,47113,9344,183
Terry,Texas,48445,1564,49
Southeast Fairbanks Census Area,Alaska,02240,420,3
Macon,Tennessee,47111,2946,51
Terrell,Texas,48443,74,1
Taylor,Texas,48441,13778,289
Tarrant,Texas,48439,205329,1991
McNairy,Tennessee,47109,2489,42
McMinn,Tennessee,47107,5227,74
Swisher,Texas,48437,697,14
Loudon,Tennessee,47105,5089,52
Sutton,Texas,48435,416,6
Lincoln,Tennessee,47103,3878,47
Stonewall,Texas,48433,144,5
Skagway Municipality,Alaska,02230,15,0
Lewis,Tennessee,47101,1310,21
Sterling,Texas,48431,98,4
Stephens,Texas,48429,660,21
Starr,Texas,48427,7878,221
Somervell,Texas,48425,946,9
Labette,Kansas,20099,2373,28
Smith,Texas,48423,16335,324
Kiowa,Kansas,20097,243,4
Sherman,Texas,48421,120,11
Kingman,Kansas,20095,638,10
Kearny,Kansas,20093,543,9
Johnson,Kansas,20091,47897,551
Shackelford,Texas,48417,210,1
Scurry,Texas,48415,2336,49
Schleicher,Texas,48413,197,6
San Saba,Texas,48411,508,17
Shelby,Texas,48419,1336,46
San Jacinto,Texas,48407,687,22
San Augustine,Texas,48405,502,28
Harvey,Kansas,20079,3133,37
Howard,Iowa,19089,859,19
Sabine,Texas,48403,463,30
Harper,Kansas,20077,562,16
Rusk,Texas,48401,3192,73
Hamilton,Kansas,20075,197,0
Harrison,Iowa,19085,1585,62
Henry,Iowa,19087,2671,31
Hancock,Iowa,19081,1319,24
San Patricio,Texas,48409,3658,112
Hardin,Iowa,19083,1579,31
Greenwood,Kansas,20073,557,2
Greeley,Kansas,20071,102,0
Jewell,Kansas,20089,186,3
Jasper,Iowa,19099,3328,59
Jefferson,Kansas,20087,1482,24
Iowa,Iowa,19095,1277,22
Jackson,Iowa,19097,1950,32
Humboldt,Iowa,19091,1068,19
Ida,Iowa,19093,760,30
Jackson,Kansas,20085,1234,10
Hodgeman,Kansas,20083,171,4
Haskell,Kansas,20081,396,1
Graham,Arizona,04009,4816,63
Crook,Wyoming,56011,409,10
Coconino,Arizona,04005,14745,261
Gila,Arizona,04007,5756,179
Apache,Arizona,04001,9204,293
Hot Springs,Wyoming,56017,352,3
Cochise,Arizona,04003,10157,208
Johnson,Wyoming,56019,609,9
Fremont,Wyoming,56013,4379,75
Goshen,Wyoming,56015,1104,20
Adams,Idaho,16003,310,3
Ada,Idaho,16001,43597,395
Laramie,Wyoming,56021,7910,83
Niobrara,Wyoming,56027,145,2
Park,Wyoming,56029,2521,18
Lincoln,Wyoming,56023,1088,11
Natrona,Wyoming,56025,7382,111
Bear Lake,Idaho,16007,323,2
Bannock,Idaho,16005,7222,81
Yukon-Koyukuk Census Area,Alaska,02290,261,4
Benewah,Idaho,16009,525,6
Platte,Wyoming,56031,541,10
Sheridan,Wyoming,56033,2828,18
Yuma,Arizona,04027,34269,673
Teton,Wyoming,56039,2931,5
Santa Cruz,Arizona,04023,7297,140
Yavapai,Arizona,04025,15736,356
Sublette,Wyoming,56035,641,7
Pinal,Arizona,04021,39751,547
Sweetwater,Wyoming,56037,3411,30
Pima,Arizona,04019,96738,1611
Uinta,Wyoming,56041,1900,12
Washakie,Wyoming,56043,857,25
Mohave,Arizona,04015,18277,488
Navajo,Arizona,04017,13988,412
Greenlee,Arizona,04011,508,6
La Paz,Arizona,04012,2170,51
Wayne,Tennessee,47181,2704,24
Maricopa,Arizona,04013,449162,6950
Weston,Wyoming,56045,610,4
Wilson,Tennessee,47189,14846,164
Williamson,Tennessee,47187,22175,144
White,Tennessee,47185,3177,47
Weakley,Tennessee,47183,3456,48
Washington,Tennessee,47179,12184,205
Valdez-Cordova Census Area,Alaska,02261,406,2
Warren,Tennessee,47177,5112,55
Van Buren,Tennessee,47175,674,8
Union,Tennessee,47173,1454,25
Unicoi,Tennessee,47171,1700,45
Trousdale,Tennessee,47169,2307,16
Wood,Texas,48499,2709,91
Tipton,Tennessee,47167,6380,69
Wise,Texas,48497,5814,92
Sumner,Tennessee,47165,18819,232
Winkler,Texas,48495,673,15
Sullivan,Tennessee,47163,12961,220
Wilson,Texas,48493,3025,44
Williamson,Texas,48491,32949,291
Stewart,Tennessee,47161,1121,20
Smith,Tennessee,47159,2355,30
Shelby,Tennessee,47157,80770,1194
Willacy,Texas,48489,2058,71
Sevier,Tennessee,47155,10839,122
Wilbarger,Texas,48487,1755,46
Wichita,Texas,48485,13585,283
Sequatchie,Tennessee,47153,1419,19
Scott,Tennessee,47151,2303,32
Wheeler,Texas,48483,442,9
Wharton,Texas,48481,3134,87
Rutherford,Tennessee,47149,34166,296
Webb,Texas,48479,37761,592
Robertson,Tennessee,47147,7918,87
Washington,Texas,48477,1722,73
Wrangell City and Borough,Alaska,02275,24,0
Roane,Tennessee,47145,5350,82
Ward,Texas,48475,997,14
Waller,Texas,48473,2800,30
Rhea,Tennessee,47143,3913,57
Putnam,Tennessee,47141,10187,152
Walker,Texas,48471,7567,99
Webster,Mississippi,28155,968,24
Wayne,Mississippi,28153,2137,34
Winston,Mississippi,28159,2076,71
Wilkinson,Mississippi,28157,598,25
Washington,Mississippi,28151,4933,125
Wichita,Kansas,20203,209,0
Washington,Kansas,20201,481,8
Wyandotte,Kansas,20209,17751,220
Woodson,Kansas,20207,182,0
Wilson,Kansas,20205,808,10
Yazoo,Mississippi,28163,2567,56
Yalobusha,Mississippi,28161,1233,35
Hyde,North Carolina,37095,571,6
Iredell,North Carolina,37097,13305,141
Jackson,North Carolina,37099,2884,21
Tippah,Mississippi,28139,2497,50
Hertford,North Carolina,37091,1731,54
Hoke,North Carolina,37093,3507,40
Sunflower,Mississippi,28133,2919,75
Stone,Mississippi,28131,1525,25
Tate,Mississippi,28137,2806,62
Tallahatchie,Mississippi,28135,1572,35
Harnett,North Carolina,37085,7849,109
Haywood,North Carolina,37087,3149,76
Henderson,North Carolina,37089,7295,100
Warren,Mississippi,28149,3685,103
Guilford,North Carolina,37081,33119,377
Halifax,North Carolina,37083,4037,74
Tunica,Mississippi,28143,890,21
Tishomingo,Mississippi,28141,1949,61
Walthall,Mississippi,28147,1145,37
Union,Mississippi,28145,3568,64
Gates,North Carolina,37073,505,12
Graham,North Carolina,37075,511,12
Granville,North Carolina,37077,4514,71
Greene,North Carolina,37079,1850,35
Quitman,Mississippi,28119,713,9
Prentiss,Mississippi,28117,2537,54
Gaston,North Carolina,37071,20549,304
Wasatch,Utah,49051,3927,16
Perry,Mississippi,28111,1051,31
Pontotoc,Mississippi,28115,3774,60
Pike,Mississippi,28113,2701,81
Weber,Utah,49057,24369,128
Wayne,Utah,49055,97,0
Washington,Utah,49053,18066,156
Durham,North Carolina,37063,18528,179
Edgecombe,North Carolina,37065,3855,90
Forsyth,North Carolina,37067,26545,271
Utah,Utah,49049,82044,273
Franklin,North Carolina,37069,4397,40
Smith,Mississippi,28129,1300,26
Simpson,Mississippi,28127,2428,72
Duplin,North Carolina,37061,5097,102
Rankin,Mississippi,28121,11239,220
Sharkey,Mississippi,28125,452,17
Scott,Mississippi,28123,2600,48
Uintah,Utah,49047,1567,15
Tooele,Utah,49045,5735,20
Summit,Utah,49043,4411,6
Sevier,Utah,49041,1722,7
Windham,Connecticut,09015,7642,120
Tolland,Connecticut,09013,6422,126
New London,Connecticut,09011,15684,343
Avoyelles,Louisiana,22009,3355,103
Acadia,Louisiana,22001,5685,175
Allen,Louisiana,22003,2728,77
Ascension,Louisiana,22005,9829,136
New Haven,Connecticut,09009,60085,1738
Assumption,Louisiana,22007,1785,31
Middlesex,Connecticut,09007,8712,307
Litchfield,Connecticut,09005,9391,246
Hartford,Connecticut,09003,60027,2048
Fairfield,Connecticut,09001,69065,1886
Kent,Delaware,10001,12157,191
New Castle,Delaware,10003,42499,522
Sussex,Delaware,10005,19745,328
Appling,Georgia,13001,1956,50
Calhoun,Alabama,01015,11521,206
Butler,Alabama,01013,1744,60
Cherokee,Alabama,01019,1657,31
Chambers,Alabama,01017,3042,70
Bullock,Alabama,01011,1035,28
Bacon,Georgia,13005,1268,30
Atkinson,Georgia,13003,925,12
Baldwin,Georgia,13009,3812,88
Baker,Georgia,13007,204,6
Blount,Alabama,01009,5473,86
Banks,Georgia,13011,1547,26
Baldwin,Alabama,01003,17256,189
Autauga,Alabama,01001,5376,62
Bibb,Alabama,01007,2223,48
Barbour,Alabama,01005,1827,38
Bartow,Georgia,13015,10621,156
Barrow,Georgia,13013,7558,88
Berrien,Georgia,13019,1456,35
Ben Hill,Georgia,13017,1916,58
Coosa,Alabama,01037,636,18
Conecuh,Alabama,01035,979,22
Covington,Alabama,01039,3396,80
Colbert,Alabama,01033,5499,94
Coffee,Alabama,01031,4624,64
Clarke,Alabama,01025,3002,36
Choctaw,Alabama,01023,519,24
Cleburne,Alabama,01029,1218,25
Clay,Alabama,01027,1305,46
Chilton,Alabama,01021,3454,73
Addison,Vermont,50001,558,5
Bennington,Vermont,50003,914,4
Caledonia,Vermont,50005,310,4
Chittenden,Vermont,50007,3868,80
Essex,Vermont,50009,120,0
Wallace,Kansas,20199,170,0
Wabaunsee,Kansas,20197,581,13
Franklin,Vermont,50011,708,34
Grand Isle,Vermont,50013,83,0
Lamoille,Vermont,50015,334,1
Trego,Kansas,20195,364,3
Orange,Vermont,50017,403,1
Thomas,Kansas,20193,1006,9
Orleans,Vermont,50019,344,5
Sumner,Kansas,20191,1770,27
Rutland,Vermont,50021,737,9
Washington,Vermont,50023,1107,12
Windham,Vermont,50025,753,10
Windsor,Vermont,50027,786,5
Cumberland,North Carolina,37051,18887,178
Dawson,Georgia,13085,2471,23
Currituck,North Carolina,37053,1025,13
Dade,Georgia,13083,1063,9
Dare,North Carolina,37055,1598,6
DeKalb,Georgia,13089,49091,607
Davidson,North Carolina,37057,12255,115
Sanpete,Utah,49039,3101,15
Decatur,Georgia,13087,2437,57
Crisp,Georgia,13081,1703,50
Marshall,Alabama,01095,10471,123
Marion,Alabama,01093,2537,61
Monroe,Alabama,01099,1524,21
Mobile,Alabama,01097,31620,572
Davie,North Carolina,37059,2842,17
San Juan,Utah,49037,1731,36
Salt Lake,Utah,49035,126604,657
Marengo,Alabama,01091,2093,31
Rich,Utah,49033,95,0
Piute,Utah,49031,92,2
Dougherty,Georgia,13095,6275,244
Chowan,North Carolina,37041,1143,20
Dooly,Georgia,13093,861,31
Clay,North Carolina,37043,570,5
Early,Georgia,13099,997,43
Cleveland,North Carolina,37045,8979,175
Morgan,Utah,49029,1059,7
Douglas,Georgia,13097,11053,137
Columbus,North Carolina,37047,4871,106
Millard,Utah,49027,1285,9
Panola,Mississippi,28107,3869,81
Oktibbeha,Mississippi,28105,4083,82
Madison,Alabama,01089,28310,217
Dodge,Georgia,13091,1933,85
Pearl River,Mississippi,28109,3495,106
Limestone,Alabama,01083,8349,81
Lee,Alabama,01081,13205,107
Noxubee,Mississippi,28103,1130,26
Macon,Alabama,01087,1223,37
Newton,Mississippi,28101,1999,46
Lowndes,Alabama,01085,1155,36
Craven,North Carolina,37049,6795,93
Kane,Utah,49025,397,3
Juab,Utah,49023,1050,10
Iron,Utah,49021,4300,22
Clayton,Georgia,13063,18606,281
Carteret,North Carolina,37031,3610,19
Clay,Georgia,13061,211,3
Caswell,North Carolina,37033,1628,11
Grand,Utah,49019,566,2
Cobb,Georgia,13067,59526,692
Catawba,North Carolina,37035,14889,227
Garfield,Utah,49017,387,9
Clinch,Georgia,13065,811,16
Chatham,North Carolina,37037,3550,69
Emery,Utah,49015,655,7
Cherokee,North Carolina,37039,1769,16
Duchesne,Utah,49013,1097,8
Coffee,Georgia,13069,4809,119
Davis,Utah,49011,30937,113
Columbia,Georgia,13073,13510,133
Colquitt,Georgia,13071,3867,65
Buncombe,North Carolina,37021,12662,257
Daggett,Utah,49009,36,0
Coweta,Georgia,13077,10717,109
Burke,North Carolina,37023,8151,102
Carbon,Utah,49007,1255,8
Cook,Georgia,13075,1537,33
Cabarrus,North Carolina,37025,15239,187
Cache,Utah,49005,13382,25
Box Elder,Utah,49003,4438,31
Caldwell,North Carolina,37027,7595,34
Crawford,Georgia,13079,535,10
Camden,North Carolina,37029,440,5
Beaver,Utah,49001,512,4
Avery,North Carolina,37011,1640,16
Carroll,Georgia,13045,9205,156
Beaufort,North Carolina,37013,3636,69
Candler,Georgia,13043,867,38
Franklin,Alabama,01059,3749,50
Suffolk,Massachusetts,25025,68799,1525
Fayette,Alabama,01057,1786,29
Worcester,Massachusetts,25027,56824,1780
Elmore,Alabama,01051,8214,110
Etowah,Alabama,01055,12107,181
Norfolk,Massachusetts,25021,37970,1440
Escambia,Alabama,01053,3354,44
Plymouth,Massachusetts,25023,34003,1135
Bertie,North Carolina,37015,1480,27
Charlton,Georgia,13049,1204,23
Bladen,North Carolina,37017,2465,30
Catoosa,Georgia,13047,4612,48
Brunswick,North Carolina,37019,6149,86
Chatham,Georgia,13051,17376,286
Chattooga,Georgia,13055,2308,55
Alamance,North Carolina,37001,13257,171
Chattahoochee,Georgia,13053,2483,3
Alexander,North Carolina,37003,3369,54
Dallas,Alabama,01047,3132,96
Dale,Alabama,01045,4107,85
DeKalb,Alabama,01049,7894,107
Cullman,Alabama,01043,8274,124
Crenshaw,Alabama,01041,1240,45
Clarke,Georgia,13059,12528,84
Alleghany,North Carolina,37005,808,3
Cherokee,Georgia,13057,23048,190
Anson,North Carolina,37007,1929,40
Ashe,North Carolina,37009,1634,33
Bleckley,Georgia,13023,1301,40
Bibb,Georgia,13021,12873,308
Berkshire,Massachusetts,25003,4299,195
Lawrence,Alabama,01079,2541,55
Bristol,Massachusetts,25005,47838,1283
Dukes,Massachusetts,25007,731,0
Essex,Massachusetts,25009,74753,1908
Jefferson,Alabama,01073,64681,1007
Jackson,Alabama,01071,6015,45
Lauderdale,Alabama,01077,7871,107
Lamar,Alabama,01075,1202,22
Barnstable,Massachusetts,25001,8136,322
Brooks,Georgia,13027,1149,37
Brantley,Georgia,13025,1308,25
Bryan,Georgia,13029,2594,25
Burke,Georgia,13033,2070,33
Bulloch,Georgia,13031,5481,69
Hampshire,Massachusetts,25015,5349,228
Houston,Alabama,01069,9009,164
Middlesex,Massachusetts,25017,97870,3036
Henry,Alabama,01067,1599,25
Nantucket,Massachusetts,25019,1041,2
Geneva,Alabama,01061,2115,47
Franklin,Massachusetts,25011,1693,96
Hale,Alabama,01065,1852,44
Hampden,Massachusetts,25013,35170,1175
Greene,Alabama,01063,779,23
Calhoun,Georgia,13037,495,12
Butts,Georgia,13035,2247,57
Camden,Georgia,13039,3154,24
Carroll,Indiana,18015,1592,16
Cass,Indiana,18017,4855,65
Boone,Indiana,18011,5565,72
Brown,Indiana,18013,882,35
Kern,California,06029,90213,590
Imperial,California,06025,25581,492
Inyo,California,06027,987,29
Glenn,California,06021,2339,22
Humboldt,California,06023,2494,25
Clark,Indiana,18019,10752,152
Crawford,Indiana,18025,808,10
Daviess,Indiana,18027,2715,77
Clay,Indiana,18021,2235,32
Clinton,Indiana,18023,3746,47
El Dorado,California,06017,7984,59
Fresno,California,06019,85274,1043
Contra Costa,California,06013,54951,488
Del Norte,California,06015,873,2
Colusa,California,06011,1854,9
Dearborn,Indiana,18029,4840,47
Merced,California,06047,25048,324
Modoc,California,06049,285,3
Mariposa,California,06043,351,4
Mendocino,California,06045,3277,36
Marin,California,06041,11953,163
Allen,Indiana,18003,32940,575
Bartholomew,Indiana,18005,6542,106
Adams,Indiana,18001,3022,37
Madera,California,06039,13858,151
Lassen,California,06035,5269,16
Los Angeles,California,06037,1073533,15260
Kings,California,06031,19904,160
Lake,California,06033,2673,32
Benton,Indiana,18007,869,10
Blackford,Indiana,18009,1125,22
Ashland,Wisconsin,55003,1186,16
Adams,Wisconsin,55001,1623,14
Bayfield,Wisconsin,55007,1075,18
Barron,Wisconsin,55005,5148,68
Brown,Wisconsin,55009,30863,206
Burnett,Wisconsin,55013,1200,23
Buffalo,Wisconsin,55011,1267,7
Chippewa,Wisconsin,55017,6826,78
Calumet,Wisconsin,55015,5580,41
Clark,Wisconsin,55019,3409,61
Wilson,North Carolina,37195,7132,123
Yadkin,North Carolina,37197,3156,35
Yancey,North Carolina,37199,1258,9
Columbia,Wisconsin,55021,5104,45
Butte,California,06007,9757,134
Wayne,North Carolina,37191,8837,176
Calaveras,California,06009,1695,23
Wilkes,North Carolina,37193,5108,87
Dane,Wisconsin,55025,38687,251
Alpine,California,06003,72,0
Amador,California,06005,3048,32
Crawford,Wisconsin,55023,1673,15
Door,Wisconsin,55029,2515,22
Alameda,California,06001,70355,894
Dodge,Wisconsin,55027,11734,156
Wake,North Carolina,37183,62731,413
Warren,North Carolina,37185,1348,13
Washington,North Carolina,37187,715,21
Watauga,North Carolina,37189,3232,24
Douglas,Wisconsin,55031,4033,32
Vance,North Carolina,37181,3517,74
Eau Claire,Wisconsin,55035,10640,107
Dunn,Wisconsin,55033,4277,26
Fond du Lac,Wisconsin,55039,12288,85
Florence,Wisconsin,55037,449,12
Webster,Louisiana,22119,3553,80
Marshall,Indiana,18099,5055,84
Madison,Indiana,18095,11037,239
Union,Louisiana,22111,2168,71
Garfield,Nebraska,31071,138,3
Marion,Indiana,18097,84634,1399
Vermilion,Louisiana,22113,4404,97
Gosper,Nebraska,31073,175,4
LaPorte,Indiana,18091,9112,167
Vernon,Louisiana,22115,2618,82
Washington,Louisiana,22117,3703,109
Lawrence,Indiana,18093,3932,83
Hall,Nebraska,31079,6505,104
Grant,Nebraska,31075,22,4
Greeley,Nebraska,31077,190,2
West Baton Rouge,Louisiana,22121,2221,50
Franklin,Nebraska,31061,221,3
West Carroll,Louisiana,22123,1104,36
Frontier,Nebraska,31063,181,1
West Feliciana,Louisiana,22125,1042,28
Winn,Louisiana,22127,1360,35
Garden,Nebraska,31069,103,1
Furnas,Nebraska,31065,424,4
Sonoma,California,06097,24935,247
Gage,Nebraska,31067,1992,16
Stanislaus,California,06099,48753,788
Siskiyou,California,06093,1484,13
Solano,California,06095,26499,111
Sierra,California,06091,41,0
Jefferson,Indiana,18077,2651,42
Jennings,Indiana,18079,1997,38
Jasper,Indiana,18073,2909,36
Jay,Indiana,18075,1691,25
Dixon,Nebraska,31051,528,8
Jackson,Indiana,18071,4271,48
Dundy,Nebraska,31057,142,4
Fillmore,Nebraska,31059,455,9
Dodge,Nebraska,31053,4281,49
Douglas,Nebraska,31055,60040,581
Tensas,Louisiana,22107,337,5
Terrebonne,Louisiana,22109,8112,167
LaGrange,Indiana,18087,2301,63
Lake,Indiana,18089,45578,713
Knox,Indiana,18083,3361,39
St. Mary,Louisiana,22101,3700,109
Kosciusko,Indiana,18085,8108,86
Custer,Nebraska,31041,752,17
St. Tammany,Louisiana,22103,20264,415
Johnson,Indiana,18081,15197,306
Tangipahoa,Louisiana,22105,10665,225
Dawson,Nebraska,31047,2667,26
Deuel,Nebraska,31049,85,0
Dakota,Nebraska,31043,3762,67
Dawes,Nebraska,31045,610,18
Hancock,Indiana,18059,6763,107
Greene,Indiana,18055,2419,65
Hamilton,Indiana,18057,29588,330
Gibson,Indiana,18051,3729,61
Grant,Indiana,18053,6421,121
San Benito,California,06069,5166,48
Clay,Nebraska,31035,611,11
Colfax,Nebraska,31037,1517,20
Riverside,California,06065,258352,2777
Cherry,Nebraska,31031,261,6
Sacramento,California,06067,83407,1157
Cheyenne,Nebraska,31033,821,15
Placer,California,06061,17675,188
Plumas,California,06063,528,5
Cuming,Nebraska,31039,932,9
Huntington,Indiana,18069,2934,59
Henry,Indiana,18065,5111,65
Howard,Indiana,18067,8278,147
Harrison,Indiana,18061,3512,47
Hendricks,Indiana,18063,14493,268
Cass,Nebraska,31025,2041,14
Nevada,California,06057,3332,74
Cedar,Nebraska,31027,621,11
Orange,California,06059,236312,2638
Burt,Nebraska,31021,564,10
Monterey,California,06053,37285,259
Butler,Nebraska,31023,792,11
Napa,California,06055,7894,47
Mono,California,06051,1111,4
Chase,Nebraska,31029,426,3
Dubois,Indiana,18037,5570,81
Elkhart,Indiana,18039,24538,357
DeKalb,Indiana,18033,3487,68
Delaware,Indiana,18035,9164,138
Decatur,Indiana,18031,2541,87
Box Butte,Nebraska,31013,848,9
Boyd,Nebraska,31015,171,3
Santa Cruz,California,06087,12771,130
Shasta,California,06089,9951,129
Boone,Nebraska,31011,470,4
Santa Barbara,California,06083,26820,265
Santa Clara,California,06085,98057,1235
Brown,Nebraska,31017,211,2
San Mateo,California,06081,33731,340
Buffalo,Nebraska,31019,4741,54
Franklin,Indiana,18047,1507,34
Fulton,Indiana,18049,1643,30
Floyd,Indiana,18043,6480,115
Fountain,Indiana,18045,1848,28
Fayette,Indiana,18041,2612,49
Antelope,Nebraska,31003,456,6
San Luis Obispo,California,06079,16652,151
Arthur,Nebraska,31005,21,0
San Francisco,California,06075,30311,293
Adams,Nebraska,31001,2565,36
San Joaquin,California,06077,59395,808
San Bernardino,California,06071,264457,1667
San Diego,California,06073,227258,2375
Banner,Nebraska,31007,27,0
Blaine,Nebraska,31009,19,0
Fulton,Georgia,13121,73942,907
Faulk,South Dakota,46049,330,13
Fall River,South Dakota,46047,498,14
Pointe Coupee,Louisiana,22077,2210,63
Rapides,Louisiana,22079,10280,243
Winston,Alabama,01133,2336,42
Orleans,Louisiana,22071,25358,717
Ouachita,Louisiana,22073,16563,366
Wilcox,Alabama,01131,1079,22
Plaquemines,Louisiana,22075,2037,22
Glascock,Georgia,13125,215,9
Edmunds,South Dakota,46045,452,8
Gilmer,Georgia,13123,2390,46
Douglas,South Dakota,46043,410,9
Gordon,Georgia,13129,6063,81
Dewey,South Dakota,46041,1384,18
Glynn,Georgia,13127,6482,147
Deuel,South Dakota,46039,453,7
Day,South Dakota,46037,594,25
Greene,Georgia,13133,1455,31
Davison,South Dakota,46035,2879,57
Grady,Georgia,13131,1798,43
Tuscaloosa,Alabama,01125,21525,275
St. Charles,Louisiana,22089,4608,81
Tallapoosa,Alabama,01123,3149,109
Washington,Alabama,01129,1423,27
Walker,Alabama,01127,6036,183
Red River,Louisiana,22081,771,30
Richland,Louisiana,22083,2105,43
Talladega,Alabama,01121,6481,112
Sabine,Louisiana,22085,2483,48
St. Bernard,Louisiana,22087,3092,44
Custer,South Dakota,46033,721,10
Habersham,Georgia,13137,4632,112
Corson,South Dakota,46031,459,11
Gwinnett,Georgia,13135,79164,700
Hall,Georgia,13139,23282,307
Codington,South Dakota,46029,3711,73
Clay,South Dakota,46027,1742,14
Clark,South Dakota,46025,332,4
Lafayette,Louisiana,22055,19943,227
Lafourche,Louisiana,22057,7794,172
Warren,New Jersey,34041,5741,194
LaSalle,Louisiana,22059,1303,33
Evans,Georgia,13109,807,16
Jefferson,Louisiana,22051,39268,766
Jefferson Davis,Louisiana,22053,2656,76
Effingham,Georgia,13103,3390,45
Charles Mix,South Dakota,46023,1208,15
Echols,Georgia,13101,431,6
Campbell,South Dakota,46021,120,4
Emanuel,Georgia,13107,2248,65
Elbert,Georgia,13105,2016,41
Butte,South Dakota,46019,947,20
Buffalo,South Dakota,46017,416,12
Brule,South Dakota,46015,677,8
Fannin,Georgia,13111,1860,47
Brown,South Dakota,46013,4844,75
Salem,New Jersey,34033,4116,131
Morehouse,Louisiana,22067,2531,60
Passaic,New Jersey,34031,49500,1563
Natchitoches,Louisiana,22069,3549,74
Union,New Jersey,34039,49404,1644
Lincoln,Louisiana,22061,3924,83
Sussex,New Jersey,34037,7374,250
Livingston,Louisiana,22063,10701,149
Somerset,New Jersey,34035,19025,724
Madison,Louisiana,22065,1494,28
Brookings,South Dakota,46011,3366,33
Floyd,Georgia,13115,9577,154
Fayette,Georgia,13113,6375,104
Franklin,Georgia,13119,2275,31
Forsyth,Georgia,13117,16330,100
Bon Homme,South Dakota,46009,1502,23
Bennett,South Dakota,46007,376,9
Beadle,South Dakota,46005,2596,39
Aurora,South Dakota,46003,444,12
East Baton Rouge,Louisiana,22033,31179,659
Mercer,New Jersey,34021,23972,790
East Carroll,Louisiana,22035,1064,20
East Feliciana,Louisiana,22037,2723,98
Evangeline,Louisiana,22039,3023,68
Ocean,New Jersey,34029,47232,1601
Morris,New Jersey,34027,30102,1035
Monmouth,New Jersey,34025,46254,1212
De Soto,Louisiana,22031,2231,59
Middlesex,New Jersey,34023,60635,1865
Cumberland,New Jersey,34011,12171,287
Iberia,Louisiana,22045,5816,132
Iberville,Louisiana,22047,3128,82
Jackson,Louisiana,22049,1582,43
Hunterdon,New Jersey,34019,5593,145
Hudson,New Jersey,34017,58640,1830
Gloucester,New Jersey,34015,20749,480
Franklin,Louisiana,22041,2307,93
Essex,New Jersey,34013,61919,2506
Grant,Louisiana,22043,1790,43
Calcasieu,Louisiana,22019,16928,312
Sumter,Alabama,01119,905,27
Beauregard,Louisiana,22011,2496,60
Russell,Alabama,01113,3575,15
Bienville,Louisiana,22013,1476,64
Randolph,Alabama,01111,1464,36
Bossier,Louisiana,22015,11230,232
Shelby,Alabama,01117,19335,132
Caddo,Louisiana,22017,21916,591
St. Clair,Alabama,01115,7854,130
Camden,New Jersey,34007,38713,973
Burlington,New Jersey,34005,30050,679
Bergen,New Jersey,34003,64044,2434
Atlantic,New Jersey,34001,20401,449
Cape May,New Jersey,34009,5894,159
Pike,Alabama,01109,2625,31
Morgan,Alabama,01103,12639,142
Cameron,Louisiana,22023,466,4
Montgomery,Alabama,01101,19954,332
Catahoula,Louisiana,22025,1003,30
Pickens,Alabama,01107,1996,31
Claiborne,Louisiana,22027,1313,47
Perry,Alabama,01105,1000,18
Concordia,Louisiana,22029,1670,50
Caldwell,Louisiana,22021,1036,23
Swain,North Carolina,37173,1019,11
Transylvania,North Carolina,37175,1489,14
Tyrrell,North Carolina,37177,247,6
Union,North Carolina,37179,17337,139
Surry,North Carolina,37171,6024,107
Rutherford,North Carolina,37161,5978,161
Sampson,North Carolina,37163,5929,78
Scotland,North Carolina,37165,3088,63
Stanly,North Carolina,37167,5738,92
Stokes,North Carolina,37169,2925,53
Long,Georgia,13183,655,9
Randolph,North Carolina,37151,10744,166
Lincoln,Georgia,13181,630,16
Richmond,North Carolina,37153,3464,65
Lumpkin,Georgia,13187,2543,37
Robeson,North Carolina,37155,12771,174
Lowndes,Georgia,13185,10349,157
Rockingham,North Carolina,37157,6006,36
Rowan,North Carolina,37159,12301,236
McDuffie,Georgia,13189,1941,33
Madison,Georgia,13195,2598,32
Pender,North Carolina,37141,3940,39
Macon,Georgia,13193,648,18
Perquimans,North Carolina,37143,725,5
Meriwether,Georgia,13199,1538,29
Person,North Carolina,37145,2362,45
Marion,Georgia,13197,428,10
McIntosh,Georgia,13191,622,12
Marshall,South Dakota,46091,283,5
Minnehaha,South Dakota,46099,26760,300
Pitt,North Carolina,37147,14714,70
Polk,North Carolina,37149,1120,16
Miner,South Dakota,46097,261,7
Mellette,South Dakota,46095,237,2
Meade,South Dakota,46093,2445,28
Jeff Davis,Georgia,13161,1532,38
Northampton,North Carolina,37131,1437,27
Jenkins,Georgia,13165,731,34
Onslow,North Carolina,37133,12126,98
Jefferson,Georgia,13163,1664,48
Orange,North Carolina,37135,6380,77
Lawrence,South Dakota,46081,2730,35
Jones,Georgia,13169,1574,25
Pamlico,North Carolina,37137,708,6
McPherson,South Dakota,46089,232,4
Johnson,Georgia,13167,971,35
McCook,South Dakota,46087,713,22
Pasquotank,North Carolina,37139,2558,71
Lyman,South Dakota,46085,587,10
Lincoln,South Dakota,46083,7366,72
Lanier,Georgia,13173,650,10
Lamar,Georgia,13171,1637,39
Mitchell,North Carolina,37121,1011,10
Lee,Georgia,13177,2245,39
Montgomery,North Carolina,37123,2600,56
Lake,South Dakota,46079,1130,16
Laurens,Georgia,13175,4860,133
St. Louis city,Missouri,29510,19806,343
Moore,North Carolina,37125,6648,98
Kingsbury,South Dakota,46077,600,13
Nash,North Carolina,37127,7611,136
Jones,South Dakota,46075,79,0
Liberty,Georgia,13179,2541,39
New Hanover,North Carolina,37129,12763,110
Jerauld,South Dakota,46073,265,16
Jackson,South Dakota,46071,269,13
Haralson,Georgia,13143,2213,52
McDowell,North Carolina,37111,4156,49
Hancock,Georgia,13141,810,52
Macon,North Carolina,37113,2127,12
Hyde,South Dakota,46069,134,1
St. Martin,Louisiana,22099,4468,99
St. Helena,Louisiana,22091,816,7
St. James,Louisiana,22093,1666,46
St. John the Baptist,Louisiana,22095,3153,125
St. Landry,Louisiana,22097,7663,222
Hart,Georgia,13147,2000,41
Hutchinson,South Dakota,46067,748,23
Madison,North Carolina,37115,1143,27
Harris,Georgia,13145,1968,35
Hughes,South Dakota,46065,2180,31
Martin,North Carolina,37117,1798,27
Mecklenburg,North Carolina,37119,81933,739
Harding,South Dakota,46063,90,1
Heard,Georgia,13149,698,13
Hanson,South Dakota,46061,329,4
Henry,Georgia,13151,18111,194
Hand,South Dakota,46059,321,4
Irwin,Georgia,13155,827,23
Johnston,North Carolina,37101,14936,146
Hamlin,South Dakota,46057,662,38
Houston,Georgia,13153,11423,173
Jones,North Carolina,37103,551,16
Haakon,South Dakota,46055,240,9
Jasper,Georgia,13159,1112,23
Lee,North Carolina,37105,4620,52
Gregory,South Dakota,46053,497,27
Jackson,Georgia,13157,7823,97
Lenoir,North Carolina,37107,4405,90
Grant,South Dakota,46051,902,36
Lincoln,North Carolina,37109,7451,43
Jackson,Oklahoma,40065,2664,40
Randolph,Indiana,18135,2191,49
Holmes,Ohio,39075,2256,74
Ripley,Indiana,18137,3002,46
Hughes,Oklahoma,40063,1028,13
Huron,Ohio,39077,4300,41
Pulaski,Indiana,18131,974,37
Johnston,Oklahoma,40069,1140,13
Jackson,Ohio,39079,2653,45
Putnam,Indiana,18133,2987,50
Jefferson,Oklahoma,40067,611,7
Highland,Ohio,39071,2767,18
Hocking,Ohio,39073,1726,24
Mahnomen,Minnesota,27087,416,7
Logan,Nebraska,31113,71,0
McLeod,Minnesota,27085,3281,47
Loup,Nebraska,31115,38,0
Lincoln,Nebraska,31111,3343,39
Marshall,Minnesota,27089,703,15
Rush,Indiana,18139,1619,18
Lyon,Minnesota,27083,3055,39
Haskell,Oklahoma,40061,1107,8
McPherson,Nebraska,31117,25,1
Madison,Nebraska,31119,4214,40
Lincoln,Minnesota,27081,491,2
Hardin,Ohio,39065,2140,33
Spencer,Indiana,18147,1927,22
Grant,Oklahoma,40053,478,5
Harrison,Ohio,39067,894,21
Grady,Oklahoma,40051,5044,55
Starke,Indiana,18149,1760,46
Henry,Ohio,39069,2201,49
Scott,Indiana,18143,2264,41
Harmon,Oklahoma,40057,252,1
Shelby,Indiana,18145,5066,91
Greer,Oklahoma,40055,451,11
St. Joseph,Indiana,18141,27484,401
Harper,Oklahoma,40059,384,3
Hamilton,Ohio,39061,64392,448
Hancock,Ohio,39063,5543,90
Mower,Minnesota,27099,3737,29
Keith,Nebraska,31101,639,3
Morrison,Minnesota,27097,3145,45
Keya Paha,Nebraska,31103,42,0
Martin,Minnesota,27091,1719,26
Lancaster,Nebraska,31109,26193,185
Kimball,Nebraska,31105,368,6
Mille Lacs,Minnesota,27095,2156,45
Knox,Nebraska,31107,791,7
Meeker,Minnesota,27093,2013,33
Noble,Indiana,18113,4744,62
Dewey,Oklahoma,40043,490,4
Gallia,Ohio,39053,1988,26
Ohio,Indiana,18115,495,7
Delaware,Oklahoma,40041,3936,54
Geauga,Ohio,39055,5135,55
Garfield,Oklahoma,40047,6614,57
Greene,Ohio,39057,12114,139
Newton,Indiana,18111,919,23
Ellis,Oklahoma,40045,332,1
Guernsey,Ohio,39059,2563,26
Garvin,Oklahoma,40049,3098,25
Fulton,Ohio,39051,3393,43
Kanabec,Minnesota,27065,996,18
Racine,Wisconsin,55101,22006,313
Jackson,Minnesota,27063,873,10
Kittson,Minnesota,27069,374,20
Rock,Wisconsin,55105,14925,148
Kandiyohi,Minnesota,27067,5580,72
Richland,Wisconsin,55103,1243,13
St. Croix,Wisconsin,55109,7430,42
Rusk,Wisconsin,55107,1252,15
Orange,Indiana,18117,1611,37
Itasca,Minnesota,27061,2873,43
Owen,Indiana,18119,1671,39
Erie,Ohio,39043,6188,129
Comanche,Oklahoma,40031,9431,99
Pike,Indiana,18125,1184,28
Fairfield,Ohio,39045,12877,81
Porter,Indiana,18127,14888,182
Fayette,Ohio,39047,2373,30
Craig,Oklahoma,40035,1763,8
Parke,Indiana,18121,1322,8
Franklin,Ohio,39049,101705,707
Cotton,Oklahoma,40033,564,13
Perry,Indiana,18123,1562,30
Custer,Oklahoma,40039,3635,53
Creek,Oklahoma,40037,5485,84
Delaware,Ohio,39041,14454,79
Sawyer,Wisconsin,55113,1420,17
Lake of the Woods,Minnesota,27077,196,1
Sauk,Wisconsin,55111,5210,41
Lake,Minnesota,27075,663,15
Sheboygan,Wisconsin,55117,12953,117
Shawano,Wisconsin,55115,4934,78
Le Sueur,Minnesota,27079,2142,16
Taylor,Wisconsin,55119,1943,28
Lac qui Parle,Minnesota,27073,661,16
Posey,Indiana,18129,2403,28
Koochiching,Minnesota,27071,606,10
Cherokee,Oklahoma,40021,4874,29
Coshocton,Ohio,39031,2057,22
Crawford,Ohio,39033,3238,74
Cimarron,Oklahoma,40025,116,1
Cuyahoga,Ohio,39035,86066,1145
Choctaw,Oklahoma,40023,1389,11
Darke,Ohio,39037,4710,92
Coal,Oklahoma,40029,613,8
Tuolumne,California,06109,3443,40
Cleveland,Oklahoma,40027,25182,199
Goodhue,Minnesota,27049,3568,63
Trinity,California,06105,263,4
Tulare,California,06107,42759,531
Faribault,Minnesota,27043,1094,16
Sutter,California,06101,7943,83
Vernon,Wisconsin,55123,1764,36
Douglas,Minnesota,27041,3793,66
Trempealeau,Wisconsin,55121,3340,36
Tehama,California,06103,4006,46
Freeborn,Minnesota,27047,2541,23
Walworth,Wisconsin,55127,10650,129
Fillmore,Minnesota,27045,1269,8
Vilas,Wisconsin,55125,1956,33
Defiance,Ohio,39039,3322,86
Washburn,Wisconsin,55129,1283,17
Champaign,Ohio,39021,2526,28
Miami,Indiana,18103,3236,45
Clark,Ohio,39023,10995,265
Monroe,Indiana,18105,9429,117
Clermont,Ohio,39025,16057,111
Bryan,Oklahoma,40013,5099,44
Clinton,Ohio,39027,2907,43
Martin,Indiana,18101,745,13
Blaine,Oklahoma,40011,835,5
Canadian,Oklahoma,40017,13840,61
Caddo,Oklahoma,40015,3438,46
Washington,Wisconsin,55131,14711,125
Carter,Oklahoma,40019,4740,23
Waupaca,Wisconsin,55135,5378,146
Houston,Minnesota,27055,1400,14
Waukesha,Wisconsin,55133,42223,455
Hennepin,Minnesota,27053,94378,1502
Winnebago,Wisconsin,55139,18745,184
Isanti,Minnesota,27059,2856,43
Waushara,Wisconsin,55137,2272,26
Hubbard,Minnesota,27057,1507,38
Columbiana,Ohio,39029,7356,124
Montgomery,Indiana,18107,3467,55
Grant,Minnesota,27051,438,8
Morgan,Indiana,18109,5472,100
Auglaize,Ohio,39011,4230,64
Alfalfa,Oklahoma,40003,1062,5
Belmont,Ohio,39013,4177,40
Adair,Oklahoma,40001,2661,18
Brown,Ohio,39015,3139,21
Clearwater,Minnesota,27029,688,14
Beaver,Oklahoma,40007,370,4
Clay,Minnesota,27027,6588,84
Atoka,Oklahoma,40005,1608,8
Wood,Wisconsin,55141,6665,75
Beckham,Oklahoma,40009,2407,28
Cass,Minnesota,27021,2107,24
Chisago,Minnesota,27025,4595,38
Chippewa,Minnesota,27023,1330,32
Butler,Ohio,39017,31128,232
Carroll,Ohio,39019,1562,16
Adams,Ohio,39001,1769,15
Allen,Ohio,39003,9945,126
Ashland,Ohio,39005,3474,38
Dodge,Minnesota,27039,1393,4
Yolo,California,06113,11087,138
Cottonwood,Minnesota,27033,1290,18
Yuba,California,06115,5049,29
Cook,Minnesota,27031,116,0
Dakota,Minnesota,27037,33540,354
Ventura,California,06111,65581,507
Crow Wing,Minnesota,27035,4904,78
Ashtabula,Ohio,39007,4546,73
Athens,Ohio,39009,3812,9
Webster,Nebraska,31181,296,4
Wheeler,Nebraska,31183,34,0
York,Nebraska,31185,1556,12
Thomas,Nebraska,31171,50,0
Thurston,Nebraska,31173,761,9
Wayne,Nebraska,31179,920,6
Valley,Nebraska,31175,291,3
Washington,Nebraska,31177,1868,17
Sheridan,Nebraska,31161,420,13
Stanton,Nebraska,31167,344,8
Thayer,Nebraska,31169,450,3
Sherman,Nebraska,31163,165,4
Sioux,Nebraska,31165,34,0
Wells,Indiana,18179,2389,54
Washington,Indiana,18175,1875,23
Wayne,Indiana,18177,6549,165
Warren,Indiana,18171,687,8
Warrick,Indiana,18173,6767,101
Saline,Nebraska,31151,1859,3
Scotts Bluff,Nebraska,31157,4319,91
Seward,Nebraska,31159,1746,25
Sarpy,Nebraska,31153,17980,89
Saunders,Nebraska,31155,2119,11
Mayes,Oklahoma,40097,3415,31
Marshall,Oklahoma,40095,1612,11
Murray,Oklahoma,40099,1645,16
Whitley,Indiana,18183,3097,26
White,Indiana,18181,2741,43
Red Willow,Nebraska,31145,1111,9
Richardson,Nebraska,31147,594,15
Platte,Nebraska,31141,3726,45
Polk,Nebraska,31143,504,17
Major,Oklahoma,40093,850,4
Rock,Nebraska,31149,99,2
McIntosh,Oklahoma,40091,1706,27
Tippecanoe,Indiana,18157,18047,141
McClain,Oklahoma,40087,4497,36
Madison,Ohio,39097,3565,29
Tipton,Indiana,18159,1335,36
Love,Oklahoma,40085,1295,8
Mahoning,Ohio,39099,17383,338
Sullivan,Indiana,18153,1933,33
Switzerland,Indiana,18155,667,5
McCurtain,Oklahoma,40089,3354,57
Steuben,Indiana,18151,3150,46
Logan,Ohio,39091,3091,32
Lorain,Ohio,39093,19165,223
Lucas,Ohio,39095,31500,625
Perkins,Nebraska,31135,256,11
Phelps,Nebraska,31137,853,8
Otoe,Nebraska,31131,1176,3
Pawnee,Nebraska,31133,183,1
Logan,Oklahoma,40083,3473,22
Pierce,Nebraska,31139,571,20
Lincoln,Oklahoma,40081,2706,39
Lawrence,Ohio,39087,4579,58
Wabash,Indiana,18169,3050,51
Kiowa,Oklahoma,40075,703,13
Licking,Ohio,39089,13274,137
Kingfisher,Oklahoma,40073,1791,18
Vermillion,Indiana,18165,1494,34
Le Flore,Oklahoma,40079,4632,37
Vigo,Indiana,18167,10781,186
Latimer,Oklahoma,40077,703,7
Union,Indiana,18161,655,7
Jefferson,Ohio,39081,4205,69
Vanderburgh,Indiana,18163,19521,254
Knox,Ohio,39083,3544,22
Lake,Ohio,39085,16178,154
Morrill,Nebraska,31123,440,15
Nance,Nebraska,31125,365,10
Merrick,Nebraska,31121,708,11
Kay,Oklahoma,40071,4559,54
Nemaha,Nebraska,31127,552,12
Nuckolls,Nebraska,31129,341,1
Randolph,Georgia,13243,524,31
Rabun,Georgia,13241,1439,35
Bristol city,Virginia,51520,1158,24
Rockdale,Georgia,13247,5435,101
Richmond,Georgia,13245,19584,321
Schley,Georgia,13249,270,2
Seminole,Georgia,13253,845,15
Screven,Georgia,13251,757,17
Buena Vista city,Virginia,51530,690,10
Stephens,Georgia,13257,2693,65
Spalding,Georgia,13255,4785,122
Stewart,Georgia,13259,744,17
Oglethorpe,Georgia,13221,1224,16
Charlottesville city,Virginia,51540,2639,37
Peach,Georgia,13225,2061,36
Paulding,Georgia,13223,11928,139
Pierce,Georgia,13229,2121,41
Pickens,Georgia,13227,2601,38
Pike,Georgia,13231,1741,26
Ziebach,South Dakota,46137,333,9
Yankton,South Dakota,46135,2719,27
Chesapeake city,Virginia,51550,14386,120
Pulaski,Georgia,13235,775,33
Polk,Georgia,13233,4632,62
Quitman,Georgia,13239,137,1
Putnam,Georgia,13237,1708,39
Walworth,South Dakota,46129,699,14
Union,South Dakota,46127,1838,36
Turner,South Dakota,46125,1035,49
Tripp,South Dakota,46123,650,15
Montgomery,Georgia,13209,788,15
Todd,South Dakota,46121,1203,23
Miller,Georgia,13201,691,6
Monroe,Georgia,13207,2050,78
Mitchell,Georgia,13205,1737,67
Sully,South Dakota,46119,134,3
Stanley,South Dakota,46117,311,2
Spink,South Dakota,46115,754,25
Oconee,Georgia,13219,3164,48
Colonial Heights city,Virginia,51570,940,30
Murray,Georgia,13213,3892,48
Sanborn,South Dakota,46111,323,3
Morgan,Georgia,13211,1587,11
Newton,Georgia,13217,7853,155
Muscogee,Georgia,13215,12527,238
Potter,South Dakota,46107,343,3
Perkins,South Dakota,46105,328,11
Pennington,South Dakota,46103,12241,165
Moody,South Dakota,46101,597,15
Oglala Lakota,South Dakota,46102,2024,41
Howard,Nebraska,31093,495,15
Jefferson,Nebraska,31095,607,1
Roberts,South Dakota,46109,1095,34
Hooker,Nebraska,31091,49,2
Covington city,Virginia,51580,553,4
Johnson,Nebraska,31097,607,7
Kearney,Nebraska,31099,625,4
Harlan,Nebraska,31083,199,0
Hayes,Nebraska,31085,58,0
Hamilton,Nebraska,31081,829,16
Danville city,Virginia,51590,3346,63
Emporia city,Virginia,51595,547,32
Hitchcock,Nebraska,31087,225,3
Holt,Nebraska,31089,744,14
Beltrami,Minnesota,27007,3157,48
Becker,Minnesota,27005,2889,39
Grant,Wisconsin,55043,5027,83
Benton,Minnesota,27009,4236,88
Forest,Wisconsin,55041,965,25
Green Lake,Wisconsin,55047,1872,17
Green,Wisconsin,55045,2712,17
Anoka,Minnesota,27003,31357,368
Iowa,Wisconsin,55049,1861,10
Aitkin,Minnesota,27001,1114,33
Carver,Minnesota,27019,7044,39
Carlton,Minnesota,27017,2840,43
Jackson,Wisconsin,55053,2567,20
Iron,Wisconsin,55051,581,36
Big Stone,Minnesota,27011,469,3
Juneau,Wisconsin,55057,2925,16
Jefferson,Wisconsin,55055,8233,71
Brown,Minnesota,27015,2180,34
Blue Earth,Minnesota,27013,5480,33
Kenosha,Wisconsin,55059,15846,273
Honolulu,Hawaii,15003,20607,271
Hawaii,Hawaii,15001,2149,46
Kewaunee,Wisconsin,55061,2457,27
Lafayette,Wisconsin,55065,1488,8
La Crosse,Wisconsin,55063,11908,70
Lincoln,Wisconsin,55069,2944,68
Langlade,Wisconsin,55067,2023,42
Kauai,Hawaii,15007,178,1
Kalawao,Hawaii,15005,1,0
Maui,Hawaii,15009,2158,21
Manitowoc,Wisconsin,55071,7830,75
Marinette,Wisconsin,55075,4229,59
Marathon,Wisconsin,55073,14395,200
Milwaukee,Wisconsin,55079,101538,1136
Menominee,Wisconsin,55078,784,11
Marquette,Wisconsin,55077,1404,26
Treutlen,Georgia,13283,716,17
Towns,Georgia,13281,969,40
Turner,Georgia,13287,883,28
Troup,Georgia,13285,6277,155
Oconto,Wisconsin,55083,4510,51
Monroe,Wisconsin,55081,4073,31
Outagamie,Wisconsin,55087,20028,179
Oneida,Wisconsin,55085,3221,59
Ozaukee,Wisconsin,55089,8051,74
Twiggs,Georgia,13289,561,26
Upson,Georgia,13293,2921,94
Union,Georgia,13291,1815,48
Walton,Georgia,13297,7988,128
Walker,Georgia,13295,5389,67
Pierce,Wisconsin,55093,4042,37
Pepin,Wisconsin,55091,790,7
Portage,Wisconsin,55097,6487,61
Polk,Wisconsin,55095,3548,40
Price,Wisconsin,55099,1158,7
Ware,Georgia,13299,4178,109
Sumter,Georgia,13261,2136,83
Taliaferro,Georgia,13265,99,0
Talbot,Georgia,13263,393,11
Taylor,Georgia,13269,672,18
Tattnall,Georgia,13267,1894,42
Telfair,Georgia,13271,1060,44
Thomas,Georgia,13275,3789,94
Terrell,Georgia,13273,674,37
Toombs,Georgia,13279,2939,79
Alexandria city,Virginia,51510,9050,101
Tift,Georgia,13277,4354,96
Wyandot,Ohio,39175,1961,51
Williams,Ohio,39171,2794,67
Wood,Ohio,39173,10407,158
Woodward,Oklahoma,40153,2905,12
Vinton,Ohio,39163,708,13
Woods,Oklahoma,40151,1127,5
Warren,Ohio,39165,19746,141
Washington,Ohio,39167,3918,40
Wayne,Ohio,39169,7080,171
Van Wert,Ohio,39161,2026,45
Summit,Ohio,39153,35063,761
Tillman,Oklahoma,40141,674,13
Trumbull,Ohio,39155,12861,316
Tuscarawas,Ohio,39157,7410,182
Wagoner,Oklahoma,40145,6541,65
Union,Ohio,39159,4546,28
Tulsa,Oklahoma,40143,61145,541
Washita,Oklahoma,40149,963,6
Washington,Oklahoma,40147,4011,70
Stark,Ohio,39151,25933,435
Watonwan,Minnesota,27165,1068,8
Washington,Minnesota,27163,20533,237
Winona,Minnesota,27169,3945,48
Wilkin,Minnesota,27167,633,9
Waseca,Minnesota,27161,1932,16
Rogers,Oklahoma,40131,8637,94
Ross,Ohio,39141,5532,100
Sandusky,Ohio,39143,4385,62
Sequoyah,Oklahoma,40135,3399,24
Scioto,Ohio,39145,5416,64
Seminole,Oklahoma,40133,2414,25
Seneca,Ohio,39147,4315,66
Texas,Oklahoma,40139,3278,20
Stephens,Oklahoma,40137,4104,43
Comanche,Texas,48093,1132,38
Comal,Texas,48091,7648,239
Yellow Medicine,Minnesota,27173,949,16
Carson City,Nevada,32510,5637,99
Shelby,Ohio,39149,4219,22
Coryell,Texas,48099,4393,48
Wright,Minnesota,27171,11791,107
Cooke,Texas,48097,3042,52
Concho,Texas,48095,255,5
Pike,Ohio,39131,1774,17
Portage,Ohio,39133,9382,109
Preble,Ohio,39135,3214,37
Pontotoc,Oklahoma,40123,4196,36
Putnam,Ohio,39137,3762,75
Pittsburg,Oklahoma,40121,3906,31
Pushmataha,Oklahoma,40127,863,8
Pottawatomie,Oklahoma,40125,6941,48
Stevens,Minnesota,27149,707,8
Roger Mills,Oklahoma,40129,359,6
Sibley,Minnesota,27143,1099,7
Coleman,Texas,48083,622,20
Sherburne,Minnesota,27141,8296,69
Coke,Texas,48081,437,10
Steele,Minnesota,27147,2789,10
Stearns,Minnesota,27145,18091,190
Richland,Ohio,39139,9186,118
Colorado,Texas,48089,1299,19
Collingsworth,Texas,48087,240,8
Collin,Texas,48085,68108,531
Schenectady,New York,36093,9231,139
Saratoga,New York,36091,9951,95
Noble,Ohio,39121,1207,40
Osage,Oklahoma,40113,3897,38
Ottawa,Ohio,39123,2949,43
Okmulgee,Oklahoma,40111,3212,37
Paulding,Ohio,39125,1447,21
Pawnee,Oklahoma,40117,1414,19
Ottawa,Oklahoma,40115,3332,34
Seneca,New York,36099,1325,47
Wadena,Minnesota,27159,1208,18
Schuyler,New York,36097,756,10
Payne,Oklahoma,40119,7520,39
Schoharie,New York,36095,975,6
Chambers,Texas,48071,3626,31
Todd,Minnesota,27153,2337,30
Swift,Minnesota,27151,845,18
Wabasha,Minnesota,27157,1746,3
Traverse,Minnesota,27155,261,3
Cochran,Texas,48079,220,12
Perry,Ohio,39127,2320,18
Clay,Texas,48077,930,13
Pickaway,Ohio,39129,7284,50
Childress,Texas,48075,1293,13
Cherokee,Texas,48073,3634,101
Breckinridge,Kentucky,21027,948,5
Breathitt,Kentucky,21025,795,3
Bracken,Kentucky,21023,418,3
Boyle,Kentucky,21021,2928,21
Bullitt,Kentucky,21029,5409,33
Strafford,New Hampshire,33017,5256,51
Rockingham,New Hampshire,33015,15209,174
Grand,Colorado,08049,898,5
Merrimack,New Hampshire,33013,6358,92
Gilpin,Colorado,08047,144,2
Hillsborough,New Hampshire,33011,24464,519
Garfield,Colorado,08045,4640,36
Fremont,Colorado,08043,5075,35
El Paso,Colorado,08041,46875,685
Sullivan,New Hampshire,33019,979,12
Carlisle,Kentucky,21039,401,1
Campbell,Kentucky,21037,6601,40
Calloway,Kentucky,21035,3018,31
Caldwell,Kentucky,21033,1106,19
Elbert,Colorado,08039,1120,12
Coos,New Hampshire,33007,1091,24
Eagle,Colorado,08037,4192,18
Cheshire,New Hampshire,33005,2123,12
Douglas,Colorado,08035,18710,224
Carroll,New Hampshire,33003,1378,4
Dolores,Colorado,08033,61,0
Belknap,New Hampshire,33001,2642,85
Denver,Colorado,08031,54554,732
Butler,Kentucky,21031,1077,17
Grafton,New Hampshire,33009,1796,13
Anderson,Kentucky,21005,1351,11
Allen,Kentucky,21003,1472,21
Adair,Kentucky,21001,1486,47
Barren,Kentucky,21009,3272,37
Ballard,Kentucky,21007,300,3
Larimer,Colorado,08069,17517,182
La Plata,Colorado,08067,2646,31
Lake,Colorado,08065,487,0
Kit Carson,Colorado,08063,496,10
Kiowa,Colorado,08061,85,3
Bourbon,Kentucky,21017,1324,9
Boone,Kentucky,21015,10720,52
Bell,Kentucky,21013,2347,32
Bath,Kentucky,21011,678,11
Boyd,Kentucky,21019,4081,33
Jefferson,Colorado,08059,33760,676
Jackson,Colorado,08057,44,0
Huerfano,Colorado,08055,288,17
Hinsdale,Colorado,08053,15,0
Gunnison,Colorado,08051,987,6
Baca,Colorado,08009,262,3
Archuleta,Colorado,08007,592,1
Arapahoe,Colorado,08005,44488,644
Alamosa,Colorado,08003,1118,27
Adams,Colorado,08001,45480,587
Delta,Colorado,08029,2240,48
Custer,Colorado,08027,159,1
Crowley,Colorado,08025,1764,14
Costilla,Colorado,08023,175,2
Conejos,Colorado,08021,394,3
Clear Creek,Colorado,08019,340,2
Cheyenne,Colorado,08017,113,5
Chaffee,Colorado,08015,1258,23
Boulder,Colorado,08013,16848,219
Broomfield,Colorado,08014,3313,69
Bent,Colorado,08011,1283,20
Duval,Florida,12031,78492,873
Escambia,Florida,12033,29228,488
Carroll,Maryland,24013,6627,188
Albany,New York,36001,17485,272
Cecil,Maryland,24015,4608,103
Charles,Maryland,24017,7610,141
Dorchester,Maryland,24019,1962,28
Cattaraugus,New York,36009,3607,62
Broome,New York,36007,11924,275
Caroline,Maryland,24011,1764,14
Allegany,New York,36003,2459,75
Galax city,Virginia,51640,946,38
Flagler,Florida,12035,4992,60
Franklin,Florida,12037,1187,10
Gadsden,Florida,12039,4954,67
Gilchrist,Florida,12041,1173,28
Glades,Florida,12043,855,12
Harford,Maryland,24025,10825,197
Howard,Maryland,24027,14034,198
Kent,Maryland,24029,1009,30
Hampton city,Virginia,51650,6593,60
Frederick,Maryland,24021,15054,237
Garrett,Maryland,24023,1760,57
Gulf,Florida,12045,1622,31
Hamilton,Florida,12047,1469,15
Hardee,Florida,12049,2496,22
Broward,Florida,12011,166058,2034
Harrisonburg city,Virginia,51660,5151,57
Calhoun,Florida,12013,1487,36
Charlotte,Florida,12015,9367,284
Citrus,Florida,12017,8300,330
Clay,Florida,12019,14749,226
Collier,Florida,12021,26832,386
Anne Arundel,Maryland,24003,31614,444
Baltimore,Maryland,24005,45703,1102
Calvert,Maryland,24009,3255,56
Hopewell city,Virginia,51670,1488,14
Allegany,Maryland,24001,6069,175
Columbia,Florida,12023,7053,139
Lexington city,Virginia,51678,783,15
DeSoto,Florida,12027,3299,66
Dixie,Florida,12029,1364,13
Lynchburg city,Virginia,51680,5850,67
Manassas city,Virginia,51683,3529,32
Manassas Park city,Virginia,51685,1057,8
Worth,Georgia,13321,1528,49
Martinsville city,Virginia,51690,1290,31
Brevard,Florida,12009,27737,613
Alachua,Florida,12001,19723,163
Baker,Florida,12003,2937,44
Bay,Florida,12005,15255,266
Bradford,Florida,12007,2591,35
Wheeler,Georgia,13309,557,21
Webster,Georgia,13307,116,3
Warren,Georgia,13301,433,9
Wayne,Georgia,13305,2820,59
Washington,Georgia,13303,1846,48
Wilkinson,Georgia,13319,797,21
Whitfield,Georgia,13313,14604,165
White,Georgia,13311,2727,57
Wilkes,Georgia,13317,883,16
Wilcox,Georgia,13315,704,40
Monroe,Ohio,39111,1010,32
Montgomery,Ohio,39113,43309,418
Muskogee,Oklahoma,40101,8140,66
Morgan,Ohio,39115,834,30
Renville,Minnesota,27129,1384,40
St. Lawrence,New York,36089,4006,64
Nowata,Oklahoma,40105,954,12
Rockland,New York,36087,33124,637
Noble,Oklahoma,40103,1200,8
Redwood,Minnesota,27127,1411,27
Oklahoma,Oklahoma,40109,72550,539
Rensselaer,New York,36083,7450,113
Okfuskee,Oklahoma,40107,1637,16
Cameron,Texas,48061,33748,1260
Pope,Minnesota,27121,747,5
Red Lake,Minnesota,27125,320,4
Ramsey,Minnesota,27123,40624,748
Morrow,Ohio,39117,2333,4
Castro,Texas,48069,844,25
Muskingum,Ohio,39119,7052,41
Cass,Texas,48067,1551,63
Carson,Texas,48065,338,12
Camp,Texas,48063,1016,33
Orange,New York,36071,30303,579
Marion,Ohio,39101,7467,113
Callahan,Texas,48059,1010,30
Medina,Ohio,39103,11666,168
Putnam,New York,36079,6927,76
Scott,Minnesota,27139,12177,99
St. Louis,Minnesota,27137,13970,250
Otsego,New York,36077,1871,24
Oswego,New York,36075,5176,75
Orleans,New York,36073,2032,73
Rice,Minnesota,27131,6242,74
Roseau,Minnesota,27135,1664,17
Rock,Minnesota,27133,1120,12
Calhoun,Texas,48057,1497,13
Meigs,Ohio,39105,1090,24
Caldwell,Texas,48055,2809,61
Mercer,Ohio,39107,4344,89
Burnet,Texas,48053,2268,39
Miami,Ohio,39109,9210,73
Burleson,Texas,48051,1126,22
Okeechobee,Florida,12093,3139,57
Orange,Florida,12095,98490,893
Osceola,Florida,12097,32273,334
Palm Beach,Florida,12099,102365,2098
Brown,Texas,48049,3597,98
Onondaga,New York,36067,29039,550
Norman,Minnesota,27107,425,8
Oneida,New York,36065,17657,373
Nobles,Minnesota,27105,3746,47
Niagara,New York,36063,12843,258
Okaloosa,Florida,12091,15931,276
Olmsted,Minnesota,27109,10780,75
Nicollet,Minnesota,27103,2294,38
Ontario,New York,36069,4939,83
Murray,Minnesota,27101,911,7
Brooks,Texas,48047,701,31
Briscoe,Texas,48045,121,3
Brewster,Texas,48043,961,8
Brazos,Texas,48041,17371,167
Brazoria,Texas,48039,27177,288
Bowie,Texas,48037,5069,150
Montgomery,New York,36057,2438,79
Pipestone,Minnesota,27117,968,23
Monroe,New York,36055,46065,822
Pine,Minnesota,27115,2703,15
Madison,New York,36053,3327,77
Livingston,New York,36051,2877,42
Polk,Minnesota,27119,3307,60
Pennington,Minnesota,27113,1010,16
Nassau,New York,36059,121002,2615
Otter Tail,Minnesota,27111,4642,68
Bosque,Texas,48035,1018,22
Borden,Texas,48033,18,0
Blanco,Texas,48031,332,11
Lee,Florida,12071,50624,772
Leon,Florida,12073,25159,209
Levy,Florida,12075,2448,23
Bexar,Texas,48029,160038,2153
Liberty,Florida,12077,966,14
Bell,Texas,48027,17499,233
Jefferson,New York,36045,3562,30
Herkimer,New York,36043,3931,73
Hamilton,New York,36041,166,1
Lewis,New York,36049,1645,25
Madison,Florida,12079,1784,37
Bee,Texas,48025,3166,55
Fairfax city,Virginia,51600,391,10
Baylor,Texas,48023,282,11
Bastrop,Texas,48021,4712,58
Manatee,Florida,12081,27381,487
Bandera,Texas,48019,902,21
Marion,Florida,12083,23390,567
Miami-Dade,Florida,12086,358800,4730
Bailey,Texas,48017,758,16
Martin,Florida,12085,9306,236
Austin,Texas,48015,1497,21
Monroe,Florida,12087,5158,39
Fulton,New York,36035,2330,58
Franklin,New York,36033,1332,9
Essex,New York,36031,1045,21
Greene,New York,36039,2202,64
Genesee,New York,36037,3855,103
Atascosa,Texas,48013,4192,95
Falls Church city,Virginia,51610,262,6
Nassau,Florida,12089,6659,79
Armstrong,Texas,48011,135,6
Hendry,Florida,12051,3965,55
Archer,Texas,48009,733,10
Hernando,Florida,12053,9494,327
Aransas,Texas,48007,935,29
Highlands,Florida,12055,6168,244
Angelina,Texas,48005,6875,205
Queen Anne's,Maryland,24035,2288,33
Cortland,New York,36023,2753,55
St. Mary's,Maryland,24037,4374,99
Columbia,New York,36021,2723,76
Somerset,Maryland,24039,2168,26
Erie,New York,36029,54502,1412
Montgomery,Maryland,24031,56773,1275
Dutchess,New York,36027,17813,337
Prince George's,Maryland,24033,65628,1205
Delaware,New York,36025,1119,28
Hillsborough,Florida,12057,96795,1238
Franklin city,Virginia,51620,812,20
Andrews,Texas,48003,1630,37
Holmes,Florida,12059,2018,34
Anderson,Texas,48001,5724,83
Indian River,Florida,12061,9323,212
Jackson,Florida,12063,5513,129
Jefferson,Florida,12065,1247,19
Chautauqua,New York,36013,6013,73
Worcester,Maryland,24047,2975,73
Cayuga,New York,36011,4689,76
Clinton,New York,36019,2424,18
Talbot,Maryland,24041,1597,17
Chenango,New York,36017,1926,46
Washington,Maryland,24043,11009,209
Chemung,New York,36015,5834,111
Fredericksburg city,Virginia,51630,1398,14
Wicomico,Maryland,24045,6053,118
Lafayette,Florida,12067,1515,23
Lake,Florida,12069,20664,386
Allegheny,Pennsylvania,42003,67095,1430
Edwards,Illinois,17047,478,9
Armstrong,Pennsylvania,42005,4471,102
Effingham,Illinois,17049,4373,72
DuPage,Illinois,17043,70890,1168
Adams,Pennsylvania,42001,6228,137
Edgar,Illinois,17045,1492,53
Camden,Missouri,29029,3564,69
Douglas,Illinois,17041,2045,34
Beaver,Pennsylvania,42007,10609,308
Bedford,Pennsylvania,42009,3503,117
Hempstead,Arkansas,05057,1571,13
Deer Lodge,Montana,30023,949,9
Butler,Missouri,29023,3163,22
Hot Spring,Arkansas,05059,4257,62
Buchanan,Missouri,29021,9509,151
Fallon,Montana,30025,271,2
Grant,Arkansas,05053,1333,27
Callaway,Missouri,29027,4205,33
Greene,Arkansas,05055,5302,61
Caldwell,Missouri,29025,610,8
Dawson,Montana,30021,1004,27
Garland,Arkansas,05051,7987,195
Fergus,Montana,30027,952,19
Flathead,Montana,30029,9883,61
Fulton,Illinois,17057,2625,49
Gallatin,Illinois,17059,397,4
Ford,Illinois,17053,1406,51
Franklin,Illinois,17055,3937,71
Fayette,Illinois,17051,2967,53
Fulton,Arkansas,05049,1017,41
Cascade,Montana,30013,7238,128
Carter,Missouri,29035,408,8
Faulkner,Arkansas,05045,10156,124
Barbour,West Virginia,54001,1062,16
Carroll,Missouri,29033,765,18
Chouteau,Montana,30015,429,5
Franklin,Arkansas,05047,1429,30
Cedar,Missouri,29039,627,9
Desha,Arkansas,05041,1138,16
Boone,West Virginia,54005,1371,28
Cass,Missouri,29037,6697,68
Carter,Montana,30011,139,5
Berkeley,West Virginia,54003,8525,74
Drew,Arkansas,05043,1780,29
Brooke,West Virginia,54009,1847,47
Braxton,West Virginia,54007,723,1
Cape Girardeau,Missouri,29031,8677,131
Custer,Montana,30017,1090,14
Daniels,Montana,30019,181,5
Clay,Illinois,17025,1340,40
Clinton,Illinois,17027,5174,86
Christian,Illinois,17021,3056,79
Clark,Illinois,17023,1529,34
Barry,Missouri,29009,2073,40
Audrain,Missouri,29007,1979,47
Saguache,Colorado,08109,290,4
Routt,Colorado,08107,1503,19
Lincoln,Arkansas,05079,2996,35
Rio Grande,Colorado,08105,587,10
Calhoun,West Virginia,54013,202,0
Adair,Missouri,29001,2050,15
Beaverhead,Montana,30001,843,8
Cabell,West Virginia,54011,6744,137
Rio Blanco,Colorado,08103,377,3
Big Horn,Montana,30003,2252,69
Pueblo,Colorado,08101,14177,356
Lawrence,Arkansas,05075,1868,40
Doddridge,West Virginia,54017,395,5
Atchison,Missouri,29005,287,6
Lee,Arkansas,05077,1587,30
Clay,West Virginia,54015,324,4
Andrew,Missouri,29003,1235,16
Johnson,Arkansas,05071,2396,26
Carbon,Montana,30009,762,8
Lafayette,Arkansas,05073,430,7
Fayette,West Virginia,54019,2293,61
Coles,Illinois,17029,4790,85
Blaine,Montana,30005,629,24
Broadwater,Montana,30007,351,3
Cumberland,Illinois,17035,1117,27
DeKalb,Illinois,17037,7755,94
Cook,Illinois,17031,444927,9243
Crawford,Illinois,17033,1831,35
Boone,Missouri,29019,16020,67
Bates,Missouri,29013,1001,15
Grant,West Virginia,54023,947,19
Jackson,Arkansas,05067,3028,30
Barton,Missouri,29011,899,9
Jefferson,Arkansas,05069,7742,144
Gilmer,West Virginia,54021,553,6
Bollinger,Missouri,29017,1019,12
Independence,Arkansas,05063,3357,109
Hampshire,West Virginia,54027,1316,26
Benton,Missouri,29015,1367,19
Greenbrier,West Virginia,54025,2143,47
Izard,Arkansas,05065,1518,31
Howard,Arkansas,05061,1298,20
Hancock,West Virginia,54029,2393,79
De Witt,Illinois,17039,1190,28
Alexander,Illinois,17003,404,7
Bond,Illinois,17005,1782,24
Adams,Illinois,17001,7545,129
Chicot,Arkansas,05017,1538,38
Hardy,West Virginia,54031,1150,14
Clark,Arkansas,05019,1750,32
Jackson,West Virginia,54035,1541,43
Calhoun,Arkansas,05013,318,2
Harrison,West Virginia,54033,4233,49
Carroll,Arkansas,05015,2479,38
Kanawha,West Virginia,54039,10678,251
Jefferson,West Virginia,54037,3170,31
Bradley,Arkansas,05011,1203,27
Boone,Illinois,17007,5656,79
Brown,Illinois,17009,622,11
Calhoun,Illinois,17013,450,4
Carroll,Illinois,17015,1468,33
Bureau,Illinois,17011,3056,85
Boone,Arkansas,05009,3162,74
Baxter,Arkansas,05005,2550,89
Lewis,West Virginia,54041,785,12
Benton,Arkansas,05007,24129,325
Logan,West Virginia,54045,2231,67
Arkansas,Arkansas,05001,1686,35
Ashley,Arkansas,05003,1587,27
Lincoln,West Virginia,54043,1095,9
Marion,West Virginia,54049,3137,25
McDowell,West Virginia,54047,1186,11
Cass,Illinois,17017,1794,31
Champaign,Illinois,17019,15883,106
Mason,West Virginia,54053,1478,28
Dallas,Arkansas,05039,647,12
Marshall,West Virginia,54051,2652,61
Crittenden,Arkansas,05035,5229,80
Mineral,West Virginia,54057,2410,73
Mercer,West Virginia,54055,3808,79
Cross,Arkansas,05037,1780,41
Craighead,Arkansas,05031,11900,158
Crawford,Arkansas,05033,5937,85
Mingo,West Virginia,54059,1858,20
Columbia,Arkansas,05027,1857,49
Monroe,West Virginia,54063,850,11
Monongalia,West Virginia,54061,6793,54
Conway,Arkansas,05029,1894,24
Cleburne,Arkansas,05023,1690,50
Hamilton,Texas,48193,583,23
Nicholas,West Virginia,54067,997,10
Cleveland,Arkansas,05025,741,23
Morgan,West Virginia,54065,848,10
Hall,Texas,48191,359,14
Ohio,West Virginia,54069,3224,58
Clay,Arkansas,05021,1529,40
Hardin,Texas,48199,4188,75
Hardeman,Texas,48197,324,9
Hansford,Texas,48195,686,17
McLean,Kentucky,21149,729,24
McCreary,Kentucky,21147,1433,18
McCracken,Kentucky,21145,5082,50
Mifflin,Pennsylvania,42087,4143,147
Lyon,Kentucky,21143,400,11
Monroe,Pennsylvania,42089,8147,238
Logan,Kentucky,21141,2110,45
McKean,Pennsylvania,42083,2547,54
Mercer,Pennsylvania,42085,7271,211
Lycoming,Pennsylvania,42081,7760,196
Luzerne,Pennsylvania,42079,21656,575
Martin,Kentucky,21159,812,11
Marshall,Kentucky,21157,2121,32
Lebanon,Pennsylvania,42075,11281,212
Marion,Kentucky,21155,1825,20
Lehigh,Pennsylvania,42077,26786,652
Magoffin,Kentucky,21153,792,1
Silver Bow,Montana,30093,3333,64
Stillwater,Montana,30095,612,12
Sheridan,Montana,30091,376,5
Sweet Grass,Montana,30097,328,6
Teton,Montana,30099,370,5
Lancaster,Pennsylvania,42071,35871,876
Madison,Kentucky,21151,7254,47
Lawrence,Pennsylvania,42073,5300,159
Lawrence,Kentucky,21127,1038,8
Lackawanna,Pennsylvania,42069,11860,325
Laurel,Kentucky,21125,4952,17
Larue,Kentucky,21123,1001,7
Jefferson,Pennsylvania,42065,2415,69
Knox,Kentucky,21121,2418,10
Juniata,Pennsylvania,42067,1650,76
Ravalli,Montana,30081,2402,27
Richland,Montana,30083,963,12
Lee,Kentucky,21129,1121,18
Howard,Missouri,29089,686,4
Sanders,Montana,30089,546,5
Holt,Missouri,29087,355,10
Roosevelt,Montana,30085,1445,52
Rosebud,Montana,30087,1137,31
Huntingdon,Pennsylvania,42061,3717,107
Harrison,Missouri,29081,756,10
Indiana,Pennsylvania,42063,4662,145
Hickory,Missouri,29085,455,10
Henry,Missouri,29083,1614,27
Fulton,Pennsylvania,42057,984,12
Lincoln,Kentucky,21137,1801,29
Greene,Pennsylvania,42059,2307,29
Lewis,Kentucky,21135,977,29
Forest,Pennsylvania,42053,1247,12
Letcher,Kentucky,21133,1437,5
Franklin,Pennsylvania,42055,11091,292
Leslie,Kentucky,21131,656,2
Phillips,Montana,30071,464,13
Pondera,Montana,30073,426,3
Livingston,Kentucky,21139,609,15
Prairie,Montana,30079,127,2
Jefferson,Missouri,29099,19784,165
Powder River,Montana,30075,107,6
Powell,Montana,30077,858,7
Iron,Missouri,29093,454,1
Fayette,Pennsylvania,42051,9369,205
Howell,Missouri,29091,2694,41
Jasper,Missouri,29097,6870,100
Jackson,Missouri,29095,27585,297
Hickman,Kentucky,21105,271,7
Elk,Pennsylvania,42047,2058,31
Henry,Kentucky,21103,1036,5
Erie,Pennsylvania,42049,14796,328
Henderson,Kentucky,21101,3832,53
Dauphin,Pennsylvania,42043,17242,415
Johnson,Illinois,17087,1256,15
Delaware,Pennsylvania,42045,35855,1103
Kane,Illinois,17089,47171,705
Jersey,Illinois,17083,2301,61
Jo Daviess,Illinois,17085,1523,25
Mineral,Montana,30061,208,0
Jackson,Kentucky,21109,1082,24
Hopkins,Kentucky,21107,3397,115
Jefferson,Illinois,17081,3557,105
Park,Montana,30067,1017,7
Douglas,Missouri,29067,735,21
Yuma,Colorado,08125,644,15
Dent,Missouri,29065,781,10
Petroleum,Montana,30069,11,1
Weld,Colorado,08123,23106,301
Montgomery,Arkansas,05097,638,24
Missoula,Montana,30063,7498,75
Washington,Colorado,08121,364,11
Nevada,Arkansas,05099,686,23
Dunklin,Missouri,29069,2311,16
Musselshell,Montana,30065,283,8
Mississippi,Arkansas,05093,5053,103
Monroe,Arkansas,05095,667,14
Cumberland,Pennsylvania,42041,13198,415
DeKalb,Missouri,29063,881,23
Miller,Arkansas,05091,3258,28
Daviess,Missouri,29061,547,10
Clinton,Pennsylvania,42035,2426,47
Johnson,Kentucky,21115,1474,17
Columbia,Pennsylvania,42037,3907,108
Jessamine,Kentucky,21113,3446,48
Lake,Illinois,17097,54700,921
Clarion,Pennsylvania,42031,2411,69
Jefferson,Kentucky,21111,64386,773
LaSalle,Illinois,17099,9791,250
Clearfield,Pennsylvania,42033,5350,88
Kendall,Illinois,17093,10081,81
Knox,Illinois,17095,4706,147
Liberty,Montana,30051,103,1
Crawford,Pennsylvania,42039,5737,121
Knott,Kentucky,21119,870,14
Kankakee,Illinois,17091,11720,187
Kenton,Kentucky,21117,12580,97
Teller,Colorado,08119,1146,13
Madison,Montana,30057,627,6
Grundy,Missouri,29079,790,30
Summit,Colorado,08117,2532,5
Marion,Arkansas,05089,826,27
Greene,Missouri,29077,25294,364
Meagher,Montana,30059,114,7
Sedgwick,Colorado,08115,183,2
Lincoln,Montana,30053,1369,9
San Miguel,Colorado,08113,597,0
Lonoke,Arkansas,05085,5630,99
McCone,Montana,30055,154,0
Madison,Arkansas,05087,1267,16
San Juan,Colorado,08111,40,0
Franklin,Missouri,29071,7854,128
Little River,Arkansas,05081,999,39
Logan,Arkansas,05083,1903,15
Gentry,Missouri,29075,703,18
Gasconade,Missouri,29073,820,32
Carbon,Pennsylvania,42025,4137,117
Hardin,Illinois,17069,312,8
Centre,Pennsylvania,42027,10572,185
Cambria,Pennsylvania,42021,10501,355
Hamilton,Illinois,17065,731,17
Cameron,Pennsylvania,42023,228,7
Hancock,Illinois,17067,1550,35
Greene,Illinois,17061,1282,43
Grundy,Illinois,17063,4531,54
Chester,Pennsylvania,42029,26110,643
Clark,Missouri,29045,432,5
Judith Basin,Montana,30045,82,1
Christian,Missouri,29043,7627,61
Lake,Montana,30047,1761,19
Clinton,Missouri,29049,1445,60
Hill,Montana,30041,1797,37
Clay,Missouri,29047,8505,120
Jefferson,Montana,30043,918,7
Lewis and Clark,Montana,30049,5730,59
Chariton,Missouri,29041,398,3
Blair,Pennsylvania,42013,9673,235
Jasper,Illinois,17079,1061,15
Bradford,Pennsylvania,42015,3769,65
Iroquois,Illinois,17075,2624,58
Jackson,Illinois,17077,4302,70
Berks,Pennsylvania,42011,30099,747
Henderson,Illinois,17071,466,16
Henry,Illinois,17073,4102,77
Bucks,Pennsylvania,42017,38025,1012
Butler,Pennsylvania,42019,12263,311
Glacier,Montana,30035,1414,25
Dade,Missouri,29057,674,30
Crawford,Missouri,29055,1954,23
Golden Valley,Montana,30037,49,2
Gallatin,Montana,30031,11099,43
Dallas,Missouri,29059,771,20
Garfield,Montana,30033,74,2
Cooper,Missouri,29053,1621,21
Granite,Montana,30039,182,2
Cole,Missouri,29051,8253,104
Culberson,Texas,48109,320,4
Crosby,Texas,48107,405,22
Richland,South Carolina,45079,33965,394
Crockett,Texas,48105,483,14
Crane,Texas,48103,505,11
Yates,New York,36123,885,22
Wyoming,New York,36121,2318,44
Richmond city,Virginia,51760,11978,119
Orangeburg,South Carolina,45075,7075,177
Cottle,Texas,48101,179,7
Pickens,South Carolina,45077,14074,197
Newberry,South Carolina,45071,3629,79
Oconee,South Carolina,45073,7151,85
Marion,South Carolina,45067,2771,85
Marlboro,South Carolina,45069,2494,40
Ulster,New York,36111,8227,202
Westchester,New York,36119,89224,1846
Wayne,New York,36117,3899,57
Washington,New York,36115,1679,27
Roanoke city,Virginia,51770,6451,114
Warren,New York,36113,2259,43
Salem city,Virginia,51775,1614,32
Lexington,South Carolina,45063,23296,336
McCormick,South Carolina,45065,655,11
Lee,South Carolina,45061,1538,47
Lancaster,South Carolina,45057,7317,108
Greenup,Kentucky,21089,2903,21
Laurens,South Carolina,45059,5140,111
Walton,Florida,12131,6065,63
Green,Kentucky,21087,963,13
Steuben,New York,36101,4774,132
Tompkins,New York,36109,2831,25
Tioga,New York,36107,2346,54
Sullivan,New York,36105,4015,52
Suffolk,New York,36103,135174,2690
Jasper,South Carolina,45053,1784,32
Grayson,Kentucky,21085,1654,38
Washington,Florida,12133,2363,30
Kershaw,South Carolina,45055,5218,87
Graves,Kentucky,21083,3521,60
Grant,Kentucky,21081,1698,11
Horry,South Carolina,45051,27491,401
Hampton,South Carolina,45049,1408,38
Greenville,South Carolina,45045,52806,654
Hart,Kentucky,21099,1546,15
Greenwood,South Carolina,45047,5812,116
Staunton city,Virginia,51790,2144,50
Harrison,Kentucky,21097,1276,2
Florence,South Carolina,45041,14430,337
Harlan,Kentucky,21095,2104,35
Georgetown,South Carolina,45043,5288,111
Hardin,Kentucky,21093,7663,59
Hancock,Kentucky,21091,693,14
Fairfield,South Carolina,45039,1789,59
Fleming,Kentucky,21069,935,8
Dorchester,South Carolina,45035,11854,141
Fayette,Kentucky,21067,28523,179
Edgefield,South Carolina,45037,2141,27
Estill,Kentucky,21065,852,0
Sumter,Florida,12119,6750,169
Otero,Colorado,08089,1777,57
Darlington,South Carolina,45031,6428,124
Morgan,Colorado,08087,2338,87
St. Lucie,Florida,12111,18625,470
Elliott,Kentucky,21063,887,1
Dillon,South Carolina,45033,3360,68
Santa Rosa,Florida,12113,14711,195
Montrose,Colorado,08085,2900,42
Edmonson,Kentucky,21061,695,13
Sarasota,Florida,12115,23806,605
Montezuma,Colorado,08083,1579,21
Seminole,Florida,12117,23088,358
Moffat,Colorado,08081,610,23
Clarendon,South Carolina,45027,2393,82
Colleton,South Carolina,45029,2668,68
Garrard,Kentucky,21079,1231,4
Chester,South Carolina,45023,3021,48
Suwannee,Florida,12121,4733,106
Gallatin,Kentucky,21077,554,16
Chesterfield,South Carolina,45025,3176,76
Mineral,Colorado,08079,57,1
Mesa,Colorado,08077,11539,161
Logan,Colorado,08075,3567,58
Taylor,Florida,12123,2390,33
Fulton,Kentucky,21075,425,4
Franklin,Kentucky,21073,2843,24
Lincoln,Colorado,08073,886,3
Union,Florida,12125,1635,70
Cherokee,South Carolina,45021,4289,107
Volusia,Florida,12127,29245,497
Floyd,Kentucky,21071,2516,19
Las Animas,Colorado,08071,899,10
Wakulla,Florida,12129,2830,38
Calhoun,South Carolina,45017,1060,27
Clark,Kentucky,21049,2086,16
Charleston,South Carolina,45019,30997,361
Christian,Kentucky,21047,5562,74
Beaufort,South Carolina,45013,12715,136
Casey,Kentucky,21045,1101,30
Berkeley,South Carolina,45015,11943,130
Carter,Kentucky,21043,1732,19
Carroll,Kentucky,21041,778,10
Barnwell,South Carolina,45011,1953,40
Allendale,South Carolina,45005,662,12
Daviess,Kentucky,21059,8005,130
Anderson,South Carolina,45007,16552,337
Cumberland,Kentucky,21057,578,8
Abbeville,South Carolina,45001,1707,28
Crittenden,Kentucky,21055,494,6
Aiken,South Carolina,45003,11989,165
Bamberg,South Carolina,45009,1184,44
St. Johns,Florida,12109,17492,154
Prowers,Colorado,08099,1104,21
Pasco,Florida,12101,28299,494
Pitkin,Colorado,08097,1761,4
Clinton,Kentucky,21053,1236,25
Pinellas,Florida,12103,56935,1224
Phillips,Colorado,08095,319,11
Clay,Kentucky,21051,2134,17
Polk,Florida,12105,48119,929
Park,Colorado,08093,471,5
Putnam,Florida,12107,5249,98
Ouray,Colorado,08091,186,3
Grayson,Texas,48181,9271,242
Hale,Texas,48189,5774,140
Guadalupe,Texas,48187,10122,139
Grimes,Texas,48185,1913,54
Gregg,Texas,48183,9125,249
Gillespie,Texas,48171,2050,39
Gray,Texas,48179,1806,42
Gonzales,Texas,48177,2148,31
Goliad,Texas,48175,299,9
Glasscock,Texas,48173,94,1
Garza,Texas,48169,284,18
Galveston,Texas,48167,28878,268
Newport News city,Virginia,51700,8818,83
Gaines,Texas,48165,1354,36
Frio,Texas,48163,2249,27
Freestone,Texas,48161,1007,30
Franklin,Texas,48159,586,16
Fort Bend,Texas,48157,47021,462
Norfolk city,Virginia,51710,11980,136
Foard,Texas,48155,93,5
Floyd,Texas,48153,665,27
Fisher,Texas,48151,273,12
Fayette,Texas,48149,1522,45
Fannin,Texas,48147,2657,76
Falls,Texas,48145,1378,23
Norton city,Virginia,51720,224,2
Erath,Texas,48143,3582,45
El Paso,Texas,48141,110125,2048
Ellis,Texas,48139,17597,219
Edwards,Texas,48137,222,3
Ector,Texas,48135,13236,284
Petersburg city,Virginia,51730,2336,36
Eastland,Texas,48133,1037,28
Poquoson city,Virginia,51735,543,7
Duval,Texas,48131,1090,32
Donley,Texas,48129,303,10
Dimmit,Texas,48127,1111,18
Dickens,Texas,48125,137,7
York,South Carolina,45091,20973,212
Portsmouth city,Virginia,51740,6145,96
DeWitt,Texas,48123,1617,51
Denton,Texas,48121,49816,466
Delta,Texas,48119,229,5
Deaf Smith,Texas,48117,2541,61
Williamsburg,South Carolina,45089,3109,72
Dawson,Texas,48115,1644,63
Radford city,Virginia,51750,1755,9
Dallas,Texas,48113,246820,2629
Sumter,South Carolina,45085,7564,133
Union,South Carolina,45087,2096,56
Dallam,Texas,48111,470,20
Saluda,South Carolina,45081,1268,31
Spartanburg,South Carolina,45083,28092,517
Sangamon,Illinois,17167,14918,242
Warren,Pennsylvania,42123,1942,81
Washington,Pennsylvania,42125,11996,199
Schuyler,Illinois,17169,646,17
St. Clair,Illinois,17163,25243,450
Venango,Pennsylvania,42121,3001,71
Saline,Illinois,17165,2087,54
Rock Island,Illinois,17161,12195,308
Wayne,Pennsylvania,42127,2552,39
Greensville,Virginia,51081,1184,17
Westmoreland,Pennsylvania,42129,24019,568
Halifax,Virginia,51083,1849,50
Hanover,Virginia,51085,5441,95
Newton,Missouri,29145,3859,60
Henrico,Virginia,51087,17176,330
New Madrid,Missouri,29143,1724,40
Henry,Virginia,51089,3538,67
Oregon,Missouri,29149,648,3
Nodaway,Missouri,29147,2492,22
Morgan,Missouri,29141,1577,34
Tazewell,Illinois,17179,12296,251
Sullivan,Pennsylvania,42113,257,8
Traill,North Dakota,38097,962,18
Walsh,North Dakota,38099,1726,24
Susquehanna,Pennsylvania,42115,1430,47
Stark,Illinois,17175,499,20
Stephenson,Illinois,17177,3639,77
Somerset,Pennsylvania,42111,6145,160
Scott,Illinois,17171,408,1
Shelby,Illinois,17173,2022,35
Steele,North Dakota,38091,168,2
Tioga,Pennsylvania,42117,2209,88
Stutsman,North Dakota,38093,3224,75
Highland,Virginia,51091,73,0
Isle of Wight,Virginia,51093,2013,35
Union,Pennsylvania,42119,3866,68
Towner,North Dakota,38095,296,11
James City,Virginia,51095,3124,37
Pemiscot,Missouri,29155,1371,23
King and Queen,Virginia,51097,238,3
Ozark,Missouri,29153,508,7
King George,Virginia,51099,1066,11
Pettis,Missouri,29159,4668,68
Perry,Missouri,29157,1974,22
Osage,Missouri,29151,1334,9
Philadelphia,Pennsylvania,42101,106132,2822
Sioux,North Dakota,38085,639,11
Perry,Illinois,17145,2792,62
Pike,Pennsylvania,42103,2006,42
Piatt,Illinois,17147,1195,18
Slope,North Dakota,38087,30,0
Stark,North Dakota,38089,4219,47
Ogle,Illinois,17141,4700,72
Peoria,Illinois,17143,15466,251
Snyder,Pennsylvania,42109,2439,63
Mercer,Missouri,29129,158,2
Potter,Pennsylvania,42105,799,17
Sargent,North Dakota,38081,416,6
Schuylkill,Pennsylvania,42107,10754,318
Sheridan,North Dakota,38083,100,2
Madison,Missouri,29123,1314,13
Luce,Michigan,26095,1058,1
Macon,Missouri,29121,1136,10
Mackinac,Michigan,26097,414,3
Marion,Missouri,29127,2569,34
Macomb,Michigan,26099,55141,1822
Maries,Missouri,29125,513,7
Pike,Illinois,17149,1600,48
Lenawee,Michigan,26091,6899,91
Livingston,Michigan,26093,9333,104
Randolph,Illinois,17157,3802,73
Renville,North Dakota,38075,294,13
Richland,Illinois,17159,1571,46
Richland,North Dakota,38077,1664,15
Pulaski,Illinois,17153,625,3
Rolette,North Dakota,38079,2045,28
Putnam,Illinois,17155,357,2
Montgomery,Missouri,29139,548,10
Pope,Illinois,17151,257,3
Ramsey,North Dakota,38071,1553,30
Ransom,North Dakota,38073,591,15
Yellowstone,Montana,30111,14979,174
Mississippi,Missouri,29133,1199,21
Miller,Missouri,29131,2257,45
Monroe,Missouri,29137,570,7
Moniteau,Missouri,29135,1640,27
Marshall,Illinois,17123,705,15
Nelson,North Dakota,38063,436,12
Oliver,North Dakota,38065,151,2
Mason,Illinois,17125,1195,41
Pembina,North Dakota,38067,716,11
Pierce,North Dakota,38069,508,24
Marion,Illinois,17121,4081,113
Lawrence,Missouri,29109,2602,61
Lafayette,Missouri,29107,2358,45
Stone,Arkansas,05137,892,27
Mountrail,North Dakota,38061,1242,17
Union,Arkansas,05139,3176,89
Johnson,Missouri,29101,3611,34
Toole,Montana,30101,690,8
Sevier,Arkansas,05133,2312,24
Isabella,Michigan,26073,3801,66
Treasure,Montana,30103,53,1
Jackson,Michigan,26075,13105,228
Sharp,Arkansas,05135,1409,41
Laclede,Missouri,29105,2780,55
Kalamazoo,Michigan,26077,13888,302
Knox,Missouri,29103,169,2
Sebastian,Arkansas,05131,12974,205
Kalkaska,Michigan,26079,538,14
Wibaux,Montana,30109,113,5
Massac,Illinois,17127,1072,33
Valley,Montana,30105,717,10
Menard,Illinois,17129,916,10
Wheatland,Montana,30107,153,6
Iron,Michigan,26071,903,41
Montgomery,Illinois,17135,3159,53
McKenzie,North Dakota,38053,1116,11
Morgan,Illinois,17137,3362,93
McLean,North Dakota,38055,1162,31
Mercer,Illinois,17131,1187,30
Mercer,North Dakota,38057,1046,9
Morton,North Dakota,38059,4815,93
Monroe,Illinois,17133,3673,71
McDonald,Missouri,29119,2325,30
Livingston,Missouri,29117,1235,25
Scott,Arkansas,05127,829,14
Searcy,Arkansas,05129,595,14
McIntosh,North Dakota,38051,320,7
St. Francis,Arkansas,05123,3248,31
Lake,Michigan,26085,340,11
Lewis,Missouri,29111,615,3
Saline,Arkansas,05125,9906,140
Lapeer,Michigan,26087,4984,121
Leelanau,Michigan,26089,799,10
Linn,Missouri,29115,506,11
Randolph,Arkansas,05121,1787,46
Lincoln,Missouri,29113,3984,24
Kent,Michigan,26081,48326,636
Moultrie,Illinois,17139,1415,28
Fairbanks North Star Borough,Alaska,02090,5747,25
Keweenaw,Michigan,26083,125,2
Lawrence,Illinois,17101,2207,30
Hettinger,North Dakota,38041,285,4
Lee,Illinois,17103,3142,76
Kidder,North Dakota,38043,253,9
LaMoure,North Dakota,38045,499,17
Logan,North Dakota,38047,218,8
Hillsdale,Michigan,26059,3056,68
Gladwin,Michigan,26051,1382,41
Gogebic,Michigan,26053,1123,42
Grand Traverse,Michigan,26055,3824,56
Gratiot,Michigan,26057,5530,98
McHenry,North Dakota,38049,549,21
McDonough,Illinois,17109,2193,51
Livingston,Illinois,17105,3792,70
Logan,Illinois,17107,3169,59
McLean,Illinois,17113,13564,171
Foster,North Dakota,38031,544,19
Macon,Illinois,17115,8982,182
Golden Valley,North Dakota,38033,241,2
Grand Forks,North Dakota,38035,9578,72
McHenry,Illinois,17111,22214,258
Grant,North Dakota,38037,182,7
Yell,Arkansas,05149,2966,59
White,Arkansas,05145,6241,83
Huron,Michigan,26063,1928,54
Ingham,Michigan,26065,14534,249
Woodruff,Arkansas,05147,524,5
Van Buren,Arkansas,05141,1039,12
Ionia,Michigan,26067,6021,63
Washington,Arkansas,05143,26790,283
Iosco,Michigan,26069,1222,63
Griggs,North Dakota,38039,308,2
Macoupin,Illinois,17117,4009,96
Houghton,Michigan,26061,2407,36
Madison,Illinois,17119,25299,477
Accomack,Virginia,51001,2249,31
Albemarle,Virginia,51003,3711,35
Alleghany,Virginia,51005,1069,30
Amelia,Virginia,51007,605,9
Amherst,Virginia,51009,2251,10
Appomattox,Virginia,51011,1161,8
Arlington,Virginia,51013,11149,197
Augusta,Virginia,51015,4596,44
Bath,Virginia,51017,239,0
Bedford,Virginia,51019,4824,37
Bland,Virginia,51021,595,7
Botetourt,Virginia,51023,1755,20
Brunswick,Virginia,51025,1052,8
Buchanan,Virginia,51027,1031,27
Buckingham,Virginia,51029,1753,16
Yakutat plus Hoonah-Angoon,Alaska,02998,62,1
Bristol Bay plus Lake and Peninsula,Alaska,02997,168,0
Campbell,Virginia,51031,3323,29
Caroline,Virginia,51033,1433,12
Charles City,Virginia,51036,321,9
Carroll,Virginia,51035,1921,55
Charlotte,Virginia,51037,576,10
Union,Kentucky,21225,1155,10
Trimble,Kentucky,21223,497,3
Trigg,Kentucky,21221,903,6
Washington,Kentucky,21229,1108,17
Warren,Kentucky,21227,12852,95
St. Louis,Missouri,29189,81147,1628
Chesterfield,Virginia,51041,17706,198
St. Francois,Missouri,29187,7267,81
Clarke,Virginia,51043,619,8
Ste. Genevieve,Missouri,29186,1545,12
Craig,Virginia,51045,202,3
Culpeper,Virginia,51047,3593,33
Ripley,Missouri,29181,767,10
Cumberland,Virginia,51049,304,4
St. Clair,Missouri,29185,536,6
St. Charles,Missouri,29183,33464,347
Wolfe,Kentucky,21237,372,4
Whitley,Kentucky,21235,3497,14
Webster,Kentucky,21233,1013,15
Wayne,Kentucky,21231,1865,36
Woodford,Kentucky,21239,1674,4
Scotland,Missouri,29199,235,3
Dickenson,Virginia,51051,804,13
Dinwiddie,Virginia,51053,1359,18
Schuyler,Missouri,29197,250,1
Essex,Virginia,51057,502,3
Fairfax,Virginia,51059,56475,752
Saline,Missouri,29195,2292,28
Washington,Illinois,17189,1493,26
Rockcastle,Kentucky,21203,1157,12
Robertson,Kentucky,21201,170,10
Wabash,Illinois,17185,1218,15
Warren,Illinois,17187,1603,44
Union,Illinois,17181,2036,32
Vermilion,Illinois,17183,7784,117
Scott,Kentucky,21209,3316,24
Russell,Kentucky,21207,1386,36
Fauquier,Virginia,51061,3236,30
Rowan,Kentucky,21205,1669,5
Polk,Missouri,29167,3021,36
Floyd,Virginia,51063,660,18
Fluvanna,Virginia,51065,1057,12
Platte,Missouri,29165,2845,34
Franklin,Virginia,51067,3139,31
Pulaski,Missouri,29169,2890,33
Frederick,Virginia,51069,5368,42
Pike,Missouri,29163,1425,17
Phelps,Missouri,29161,2852,107
Spencer,Kentucky,21215,1250,5
Simpson,Kentucky,21213,1462,17
Shelby,Kentucky,21211,3723,31
Will,Illinois,17197,59768,888
Wyoming,Pennsylvania,42131,1010,36
Williamson,Illinois,17199,6358,119
York,Pennsylvania,42133,30002,604
White,Illinois,17193,1402,32
Whiteside,Illinois,17195,5487,175
Todd,Kentucky,21219,904,17
Taylor,Kentucky,21217,2201,28
Giles,Virginia,51071,886,6
Wayne,Illinois,17191,1547,43
Webster,West Virginia,54101,237,0
Gloucester,Virginia,51073,1352,19
Ray,Missouri,29177,1367,17
Goochland,Virginia,51075,949,7
Randolph,Missouri,29175,1771,21
Wirt,West Virginia,54105,309,1
Grayson,Virginia,51077,1007,26
Wetzel,West Virginia,54103,953,18
Greene,Virginia,51079,774,4
Reynolds,Missouri,29179,448,3
Wyoming,West Virginia,54109,1492,27
Wood,West Virginia,54107,6326,100
Ralls,Missouri,29173,730,9
Putnam,Missouri,29171,216,2
Hudspeth,Texas,48229,469,9
Howard,Texas,48227,4291,84
Houston,Texas,48225,1400,32
Hopkins,Texas,48223,2578,89
Hood,Texas,48221,5399,94
Hockley,Texas,48219,2081,94
Hill,Texas,48217,2462,54
Hidalgo,Texas,48215,60213,2361
Henderson,Texas,48213,4675,115
Hemphill,Texas,48211,505,2
Hays,Texas,48209,15535,171
Haskell,Texas,48207,386,17
Hartley,Texas,48205,318,2
Harrison,Texas,48203,3787,76
Harris,Texas,48201,297629,4013
Owsley,Kentucky,21189,363,10
Owen,Kentucky,21187,527,7
Oldham,Kentucky,21185,6201,63
Ohio,Kentucky,21183,2024,37
Nicholas,Kentucky,21181,404,5
Pulaski,Kentucky,21199,4995,73
Powell,Kentucky,21197,849,0
Pike,Kentucky,21195,4171,39
Perry,Kentucky,21193,1917,24
Pendleton,Kentucky,21191,799,1
Metcalfe,Kentucky,21169,741,12
Mercer,Kentucky,21167,2043,11
Menifee,Kentucky,21165,296,4
Meade,Kentucky,21163,1571,7
Mason,Kentucky,21161,1175,26
Nelson,Kentucky,21179,3841,24
Northumberland,Pennsylvania,42097,6465,287
Muhlenberg,Kentucky,21177,2474,50
Perry,Pennsylvania,42099,2307,67
Morgan,Kentucky,21175,1757,0
Montour,Pennsylvania,42093,1527,45
Montgomery,Kentucky,21173,1892,20
Northampton,Pennsylvania,42095,21929,544
Monroe,Kentucky,21171,1118,33
Montgomery,Pennsylvania,42091,45837,1347
Dickey,North Dakota,38021,721,32
Divide,North Dakota,38023,147,2
Dunn,North Dakota,38025,362,7
Pendleton,West Virginia,54071,523,4
Clinton,Michigan,26037,4607,59
Crawford,Michigan,26039,533,5
Denali Borough,Alaska,02068,66,0
Pocahontas,West Virginia,54075,545,9
Pleasants,West Virginia,54073,752,13
Putnam,West Virginia,54079,3663,67
Preston,West Virginia,54077,2341,37
Cheboygan,Michigan,26031,845,34
Chippewa,Michigan,26033,4550,35
Clare,Michigan,26035,1444,65
Eddy,North Dakota,38027,426,6
Emmons,North Dakota,38029,406,11
Suffolk city,Virginia,51800,5328,104
Bowman,North Dakota,38011,352,4
Burke,North Dakota,38013,211,1
Burleigh,North Dakota,38015,14159,184
Genesee,Michigan,26049,23981,704
Raleigh,West Virginia,54081,3912,40
Ritchie,West Virginia,54085,528,8
Randolph,West Virginia,54083,2095,8
Liberty,Texas,48291,5500,123
Delta,Michigan,26041,3055,80
Summers,West Virginia,54089,646,21
Dickinson,Michigan,26043,2310,70
Bethel Census Area,Alaska,02050,3182,14
Roane,West Virginia,54087,443,6
Eaton,Michigan,26045,5614,129
Emmet,Michigan,26047,1552,34
Llano,Texas,48299,865,33
Cass,North Dakota,38017,20816,186
Virginia Beach city,Virginia,51810,24241,194
Live Oak,Texas,48297,1016,16
Cavalier,North Dakota,38019,413,4
Lipscomb,Texas,48295,259,11
Limestone,Texas,48293,1461,40
Adams,North Dakota,38001,252,2
Barnes,North Dakota,38003,1276,31
Tucker,West Virginia,54093,433,7
Pulaski,Arkansas,05119,32044,480
Barry,Michigan,26015,3433,40
Taylor,West Virginia,54091,957,15
Bay,Michigan,26017,6984,253
Upshur,West Virginia,54097,1417,19
Pope,Arkansas,05115,6976,80
Benzie,Michigan,26019,827,29
Tyler,West Virginia,54095,542,3
Prairie,Arkansas,05117,724,20
Poinsett,Arkansas,05111,2855,70
Lampasas,Texas,48281,989,19
Wayne,West Virginia,54099,2231,26
Polk,Arkansas,05113,1612,54
Arenac,Michigan,26011,694,23
Baraga,Michigan,26013,743,31
Benson,North Dakota,38005,1019,18
Leon,Texas,48289,892,28
Billings,North Dakota,38007,52,0
Waynesboro city,Virginia,51820,1738,20
Lee,Texas,48287,1245,36
Bottineau,North Dakota,38009,636,20
Lavaca,Texas,48285,1951,64
La Salle,Texas,48283,815,18
Lamb,Texas,48279,1823,76
Pike,Arkansas,05109,861,17
Cass,Michigan,26027,3631,57
Charlevoix,Michigan,26029,1117,12
Perry,Arkansas,05105,646,6
Phillips,Arkansas,05107,1537,30
Newton,Arkansas,05101,633,26
Berrien,Michigan,26021,10603,222
Ouachita,Arkansas,05103,1850,43
Branch,Michigan,26023,4384,103
Calhoun,Michigan,26025,8669,213
Williamsburg city,Virginia,51830,437,8
Lamar,Texas,48277,5071,118
Knox,Texas,48275,216,12
Kleberg,Texas,48273,2096,64
Dillingham Census Area,Alaska,02070,163,1
Kinney,Texas,48271,296,3
King,Texas,48269,13,0
Anchorage,Alaska,02020,24959,139
Winchester city,Virginia,51840,2240,20
Kimble,Texas,48267,239,6
Kerr,Texas,48265,3242,67
Kent,Texas,48263,68,1
Kenedy,Texas,48261,30,2
Kendall,Texas,48259,2105,46
Kaufman,Texas,48257,12327,171
Allegan,Michigan,26005,6734,98
Aleutians West Census Area,Alaska,02016,292,0
Alpena,Michigan,26007,1400,43
Aleutians East Borough,Alaska,02013,70,0
Antrim,Michigan,26009,950,17
Alcona,Michigan,26001,391,22
Alger,Michigan,26003,549,3
Karnes,Texas,48255,1470,26
Jones,Texas,48253,2646,37
Johnson,Texas,48251,15615,236
Jim Wells,Texas,48249,3545,71
Jim Hogg,Texas,48247,528,13
Jefferson,Texas,48245,16406,285
Jeff Davis,Texas,48243,119,1
Jasper,Texas,48241,2021,50
Jackson,Texas,48239,1395,23
Jack,Texas,48237,544,12
Irion,Texas,48235,90,1
Hutchinson,Texas,48233,1304,60
Hunt,Texas,48231,4719,115
